4.874781066228591651e+07
4.486803470466917008e+07
6.761800270013794303e+07
9.101188849740320444e+07
1.108304601353269368e+08
1.210029274247316718e+08
1.215470412034480572e+08
1.215470412034480572e+08
1.215470412034480572e+08
1.215470412034480572e+08
1.218120264909569025e+08
1.218120264909569025e+08
1.218120264909569025e+08
1.218120264909569025e+08
1.218120264909569025e+08
1.218120264909569025e+08
1.218120264909569025e+08
1.218120264909569025e+08
1.218120264909569025e+08
1.218120264909569025e+08
1.218120264909569025e+08
1.223829994792671502e+08
1.223829994792671502e+08
1.223829994792671502e+08
1.223829994792671502e+08
1.223829994792671502e+08
1.223829994792671502e+08
1.223829994792671502e+08
1.232523614712929875e+08
1.232523614712929875e+08
1.232523614712929875e+08
1.232523614712929875e+08
1.232523614712929875e+08
1.232523614712929875e+08
1.232849524584179521e+08
1.247741521653972864e+08
1.249885655031041652e+08
1.250845605524696261e+08
1.250845605524696261e+08
1.250845605524696261e+08
1.252786119479992986e+08
1.252786119479992986e+08
1.252786119479992986e+08
1.252786119479992986e+08
1.252786119479992986e+08
1.252786119479992986e+08
1.252786119479992986e+08
1.252786119479992986e+08
1.252786119479992986e+08
1.253798935828671902e+08
1.253798935828671902e+08
1.256636150127300471e+08
1.256636150127300471e+08
1.256636150127300471e+08
1.256636150127300471e+08
1.256636150127300471e+08
1.256636150127300471e+08
1.256636150127300471e+08
1.256636150127300471e+08
1.256636150127300471e+08
1.256636150127300471e+08
1.256636150127300471e+08
1.256636150127300471e+08
1.256636150127300471e+08
1.256636150127300471e+08
1.256636150127300471e+08
1.256636150127300471e+08
1.256636150127300471e+08
1.256636150127300471e+08
1.256636150127300471e+08
1.256636150127300471e+08
1.256636150127300471e+08
1.256636150127300471e+08
1.279491911287785619e+08
1.884905339929493368e+08
1.988813446453594565e+08
2.004386282036818564e+08
2.004386282036818564e+08
2.004386282036818564e+08
2.004386282036818564e+08
2.049860388182305098e+08
2.049860388182305098e+08
2.049860388182305098e+08
2.049860388182305098e+08
2.049860388182305098e+08
2.049860388182305098e+08
2.049860388182305098e+08
2.049860388182305098e+08
2.049860388182305098e+08
2.049860388182305098e+08
2.049860388182305098e+08
2.049860388182305098e+08
2.049860388182305098e+08
2.049860388182305098e+08
2.049860388182305098e+08
2.049860388182305098e+08
2.049860388182305098e+08
2.049860388182305098e+08
2.049860388182305098e+08
2.049860388182305098e+08
2.049860388182305098e+08
2.049860388182305098e+08
2.049860388182305098e+08
2.049860388182305098e+08
2.049860388182305098e+08
2.049860388182305098e+08
2.049860388182305098e+08
2.049860388182305098e+08
2.049860388182305098e+08
2.049860388182305098e+08
2.049860388182305098e+08
2.049860388182305098e+08
2.049860388182305098e+08
2.049860388182305098e+08
2.049860388182305098e+08
2.049860388182305098e+08
2.049860388182305098e+08
2.049860388182305098e+08
2.049860388182305098e+08
2.049860388182305098e+08
2.049860388182305098e+08
2.049860388182305098e+08
2.049860388182305098e+08
2.049860388182305098e+08
2.049860388182305098e+08
2.049860388182305098e+08
2.062142767417459786e+08
2.128864513789946139e+08
2.182601026298311055e+08
2.211288127551766932e+08
2.211288127551766932e+08
2.211288127551766932e+08
2.211288127551766932e+08
2.211288127551766932e+08
2.211288127551766932e+08
2.211288127551766932e+08
2.211288127551766932e+08
2.211288127551766932e+08
2.211288127551766932e+08
2.211288127551766932e+08
2.211288127551766932e+08
2.211288127551766932e+08
2.211288127551766932e+08
2.211288127551766932e+08
2.211288127551766932e+08
2.211288127551766932e+08
2.211288127551766932e+08
2.211288127551766932e+08
2.211288127551766932e+08
2.211288127551766932e+08
2.211288127551766932e+08
2.211288127551766932e+08
2.211288127551766932e+08
2.211288127551766932e+08
2.211288127551766932e+08
2.211288127551766932e+08
2.211288127551766932e+08
2.211288127551766932e+08
2.211288127551766932e+08
2.211288127551766932e+08
2.211288127551766932e+08
2.211288127551766932e+08
2.211288127551766932e+08
2.211288127551766932e+08
2.211288127551766932e+08
2.211288127551766932e+08
2.211288127551766932e+08
2.211288127551766932e+08
2.211288127551766932e+08
2.211288127551766932e+08
2.211288127551766932e+08
2.211288127551766932e+08
2.211288127551766932e+08
2.211288127551766932e+08
2.211288127551766932e+08
2.211288127551766932e+08
2.211288127551766932e+08
2.211288127551766932e+08
2.211288127551766932e+08
2.211288127551766932e+08
2.211288127551766932e+08
2.211288127551766932e+08
2.211288127551766932e+08
2.211288127551766932e+08
2.211288127551766932e+08
2.211288127551766932e+08
2.211288127551766932e+08
2.211288127551766932e+08
2.211288127551766932e+08
2.211288127551766932e+08
2.211288127551766932e+08
2.211288127551766932e+08
2.211288127551766932e+08
2.211288127551766932e+08
2.211288127551766932e+08
2.211288127551766932e+08
2.211288127551766932e+08
2.211288127551766932e+08
2.211288127551766932e+08
2.211288127551766932e+08
2.211288127551766932e+08
2.211288127551766932e+08
2.211288127551766932e+08
2.211288127551766932e+08
2.211288127551766932e+08
2.211288127551766932e+08
2.211288127551766932e+08
2.211288127551766932e+08
2.211288127551766932e+08
2.211288127551766932e+08
2.211288127551766932e+08
2.211288127551766932e+08
2.211288127551766932e+08
2.211288127551766932e+08
2.211288127551766932e+08
2.211288127551766932e+08
2.211288127551766932e+08
2.211816737123360038e+08
2.264945433067537844e+08
2.264945433067537844e+08
2.264945433067537844e+08
2.264945433067537844e+08
2.264945433067537844e+08
2.264945433067537844e+08
2.264945433067537844e+08
2.264945433067537844e+08
2.264945433067537844e+08
2.264945433067537844e+08
2.264945433067537844e+08
2.264945433067537844e+08
2.264945433067537844e+08
2.264945433067537844e+08
2.264945433067537844e+08
2.264945433067537844e+08
2.329126608303174078e+08
2.329126608303174078e+08
2.329126608303174078e+08
2.329126608303174078e+08
2.329126608303174078e+08
2.329126608303174078e+08
2.329169108645943701e+08
2.329169108645943701e+08
2.329169108645943701e+08
2.329169108645943701e+08
2.329169108645943701e+08
2.329169108645943701e+08
2.329169108645943701e+08
2.337327546426932514e+08
2.337327546426932514e+08
2.337327546426932514e+08
2.337327546426932514e+08
2.337327546426932514e+08
2.337327546426932514e+08
2.337327546426932514e+08
2.337327546426932514e+08
2.337327546426932514e+08
2.337327546426932514e+08
2.337327546426932514e+08
2.337327546426932514e+08
2.337327546426932514e+08
2.337327546426932514e+08
2.337327546426932514e+08
2.337327546426932514e+08
2.337327546426932514e+08
2.337327546426932514e+08
2.337327546426932514e+08
2.337327546426932514e+08
2.337327546426932514e+08
2.337327546426932514e+08
2.337327546426932514e+08
2.337327546426932514e+08
2.337327546426932514e+08
2.337327546426932514e+08
2.337327546426932514e+08
2.337327546426932514e+08
2.337327546426932514e+08
2.337327546426932514e+08
2.337327546426932514e+08
2.337327546426932514e+08
2.337327546426932514e+08
2.337327546426932514e+08
2.337327546426932514e+08
2.337327546426932514e+08
2.337327546426932514e+08
2.337327546426932514e+08
2.337327546426932514e+08
2.337327546426932514e+08
2.337327546426932514e+08
2.337327546426932514e+08
2.337327546426932514e+08
2.337327546426932514e+08
2.337327546426932514e+08
2.337327546426932514e+08
2.337327546426932514e+08
2.337327546426932514e+08
2.337327546426932514e+08
2.337327546426932514e+08
2.337327546426932514e+08
2.337327546426932514e+08
2.337327546426932514e+08
2.337327546426932514e+08
2.337327546426932514e+08
2.337327546426932514e+08
2.337327546426932514e+08
2.337327546426932514e+08
2.337327546426932514e+08
2.337327546426932514e+08
2.337327546426932514e+08
2.337327546426932514e+08
2.337327546426932514e+08
2.337327546426932514e+08
2.337327546426932514e+08
2.337327546426932514e+08
2.337327546426932514e+08
2.337327546426932514e+08
2.337327546426932514e+08
2.337327546426932514e+08
2.337327546426932514e+08
2.337327546426932514e+08
2.337327546426932514e+08
2.337327546426932514e+08
2.337327546426932514e+08
2.337327546426932514e+08
2.337327546426932514e+08
2.337327546426932514e+08
2.337327546426932514e+08
2.337327546426932514e+08
2.337327546426932514e+08
2.337327546426932514e+08
2.337327546426932514e+08
2.337327546426932514e+08
2.337327546426932514e+08
2.337327546426932514e+08
2.337327546426932514e+08
2.337327546426932514e+08
2.337327546426932514e+08
2.337327546426932514e+08
2.337327546426932514e+08
2.337327546426932514e+08
2.337327546426932514e+08
2.337327546426932514e+08
2.337327546426932514e+08
2.337327546426932514e+08
2.337327546426932514e+08
2.337327546426932514e+08
2.337327546426932514e+08
2.337327546426932514e+08
2.337327546426932514e+08
2.337327546426932514e+08
2.337327546426932514e+08
2.337327546426932514e+08
2.337327546426932514e+08
2.337327546426932514e+08
2.337327546426932514e+08
2.337327546426932514e+08
2.337327546426932514e+08
2.337327546426932514e+08
2.337327546426932514e+08
2.337327546426932514e+08
2.337327546426932514e+08
2.337327546426932514e+08
2.337327546426932514e+08
2.337327546426932514e+08
2.337327546426932514e+08
2.337327546426932514e+08
2.337327546426932514e+08
2.337327546426932514e+08
2.337327546426932514e+08
2.337327546426932514e+08
2.337327546426932514e+08
2.337327546426932514e+08
2.337327546426932514e+08
2.337327546426932514e+08
2.337327546426932514e+08
2.337327546426932514e+08
2.337327546426932514e+08
2.337327546426932514e+08
2.337327546426932514e+08
2.337327546426932514e+08
2.337327546426932514e+08
2.337327546426932514e+08
2.337327546426932514e+08
2.337327546426932514e+08
2.337327546426932514e+08
2.337327546426932514e+08
2.337327546426932514e+08
2.337327546426932514e+08
2.337327546426932514e+08
2.337327546426932514e+08
2.337327546426932514e+08
2.337327546426932514e+08
2.337327546426932514e+08
2.337327546426932514e+08
2.337327546426932514e+08
2.337327546426932514e+08
2.337327546426932514e+08
2.337327546426932514e+08
2.337327546426932514e+08
2.337327546426932514e+08
2.337327546426932514e+08
2.337327546426932514e+08
2.337327546426932514e+08
2.337327546426932514e+08
2.337327546426932514e+08
2.337327546426932514e+08
2.337327546426932514e+08
2.337327546426932514e+08
2.337327546426932514e+08
2.337327546426932514e+08
2.337327546426932514e+08
2.337327546426932514e+08
2.337327546426932514e+08
2.375364159646636248e+08
2.375364159646636248e+08
2.375364159646636248e+08
2.375364159646636248e+08
2.375364159646636248e+08
2.375364159646636248e+08
2.385629285895269215e+08
2.385629285895269215e+08
2.385629285895269215e+08
2.385629285895269215e+08
2.385629285895269215e+08
2.385629285895269215e+08
2.385629285895269215e+08
2.385629285895269215e+08
2.385629285895269215e+08
2.385629285895269215e+08
2.385629285895269215e+08
2.385629285895269215e+08
2.385629285895269215e+08
2.385629285895269215e+08
2.385629285895269215e+08
2.385629285895269215e+08
2.385629285895269215e+08
2.385629285895269215e+08
2.385629285895269215e+08
2.385629285895269215e+08
2.385629285895269215e+08
2.385629285895269215e+08
2.385629285895269215e+08
2.385629285895269215e+08
2.411891022473644018e+08
2.411891022473644018e+08
2.411891022473644018e+08
2.411891022473644018e+08
2.411891022473644018e+08
2.411891022473644018e+08
2.411891022473644018e+08
2.411891022473644018e+08
2.411891022473644018e+08
2.411891022473644018e+08
2.411891022473644018e+08
2.411891022473644018e+08
2.411891022473644018e+08
2.411891022473644018e+08
2.411891022473644018e+08
2.411891022473644018e+08
2.411891022473644018e+08
2.411891022473644018e+08
2.411891022473644018e+08
2.411891022473644018e+08
2.411891022473644018e+08
2.411891022473644018e+08
2.411891022473644018e+08
2.411891022473644018e+08
2.411891022473644018e+08
2.411891022473644018e+08
2.411891022473644018e+08
2.411891022473644018e+08
2.411891022473644018e+08
2.411891022473644018e+08
2.411891022473644018e+08
2.411891022473644018e+08
2.411891022473644018e+08
2.411891022473644018e+08
2.411891022473644018e+08
2.411891022473644018e+08
2.411891022473644018e+08
2.411891022473644018e+08
2.411891022473644018e+08
2.411891022473644018e+08
2.411891022473644018e+08
2.411891022473644018e+08
2.411891022473644018e+08
2.411891022473644018e+08
2.411891022473644018e+08
2.411891022473644018e+08
2.411891022473644018e+08
2.411891022473644018e+08
2.411891022473644018e+08
2.411891022473644018e+08
2.411891022473644018e+08
2.411891022473644018e+08
2.411891022473644018e+08
2.411891022473644018e+08
2.411891022473644018e+08
2.411891022473644018e+08
2.411891022473644018e+08
2.411891022473644018e+08
2.411891022473644018e+08
2.411891022473644018e+08
2.411891022473644018e+08
2.411891022473644018e+08
2.411891022473644018e+08
2.411891022473644018e+08
2.411891022473644018e+08
2.411891022473644018e+08
2.411891022473644018e+08
2.411891022473644018e+08
2.411891022473644018e+08
2.411891022473644018e+08
2.411891022473644018e+08
2.411891022473644018e+08
2.411891022473644018e+08
2.411891022473644018e+08
2.411891022473644018e+08
2.411891022473644018e+08
2.411891022473644018e+08
2.411891022473644018e+08
2.411891022473644018e+08
2.411891022473644018e+08
2.411891022473644018e+08
2.411891022473644018e+08
2.411891022473644018e+08
2.411891022473644018e+08
2.411891022473644018e+08
2.431085342769641578e+08
2.431085342769641578e+08
2.510736682359767556e+08
2.510736682359767556e+08
2.510736682359767556e+08
2.510736682359767556e+08
2.510736682359767556e+08
2.510736682359767556e+08
2.510736682359767556e+08
2.510736682359767556e+08
2.510736682359767556e+08
2.510736682359767556e+08
2.510736682359767556e+08
2.510736682359767556e+08
2.510736682359767556e+08
2.510736682359767556e+08
2.510736682359767556e+08
2.510736682359767556e+08
2.510736682359767556e+08
2.510736682359767556e+08
2.510736682359767556e+08
2.510736682359767556e+08
2.510736682359767556e+08
2.510736682359767556e+08
2.510736682359767556e+08
2.510736682359767556e+08
2.510736682359767556e+08
2.510736682359767556e+08
2.510736682359767556e+08
2.510736682359767556e+08
2.510736682359767556e+08
2.510736682359767556e+08
2.510736682359767556e+08
2.510736682359767556e+08
2.510736682359767556e+08
2.510736682359767556e+08
2.510736682359767556e+08
2.510736682359767556e+08
2.510736682359767556e+08
2.510736682359767556e+08
2.510736682359767556e+08
2.510736682359767556e+08
2.510736682359767556e+08
2.510736682359767556e+08
2.510736682359767556e+08
2.510736682359767556e+08
2.510736682359767556e+08
2.510736682359767556e+08
2.510736682359767556e+08
2.510736682359767556e+08
2.510736682359767556e+08
2.510736682359767556e+08
2.510736682359767556e+08
2.510736682359767556e+08
2.510736682359767556e+08
2.510736682359767556e+08
2.510736682359767556e+08
2.510736682359767556e+08
2.510736682359767556e+08
2.510736682359767556e+08
2.510736682359767556e+08
2.510736682359767556e+08
2.510736682359767556e+08
2.510736682359767556e+08
2.510736682359767556e+08
2.510736682359767556e+08
2.510736682359767556e+08
2.510736682359767556e+08
2.510736682359767556e+08
2.510736682359767556e+08
2.510736682359767556e+08
2.510736682359767556e+08
2.510736682359767556e+08
2.510736682359767556e+08
2.510736682359767556e+08
2.510736682359767556e+08
2.510736682359767556e+08
2.510736682359767556e+08
2.510736682359767556e+08
2.510736682359767556e+08
2.510736682359767556e+08
2.510736682359767556e+08
2.510736682359767556e+08
2.510736682359767556e+08
2.510736682359767556e+08
2.510736682359767556e+08
2.510736682359767556e+08
2.510736682359767556e+08
2.510736682359767556e+08
2.510736682359767556e+08
2.510736682359767556e+08
2.510736682359767556e+08
2.510736682359767556e+08
2.510736682359767556e+08
2.510736682359767556e+08
2.510736682359767556e+08
2.510736682359767556e+08
2.510736682359767556e+08
2.510736682359767556e+08
2.510736682359767556e+08
2.510736682359767556e+08
2.510736682359767556e+08
2.510736682359767556e+08
2.510736682359767556e+08
2.510736682359767556e+08
2.510736682359767556e+08
2.510736682359767556e+08
2.510736682359767556e+08
2.510736682359767556e+08
2.510736682359767556e+08
2.510736682359767556e+08
2.510736682359767556e+08
2.510736682359767556e+08
2.510736682359767556e+08
2.510736682359767556e+08
2.510736682359767556e+08
2.510736682359767556e+08
2.510736682359767556e+08
2.510736682359767556e+08
2.510736682359767556e+08
2.510736682359767556e+08
2.510736682359767556e+08
2.510736682359767556e+08
2.510736682359767556e+08
2.510736682359767556e+08
2.510736682359767556e+08
2.510736682359767556e+08
2.510736682359767556e+08
2.510736682359767556e+08
2.510736682359767556e+08
2.510736682359767556e+08
2.510736682359767556e+08
2.510736682359767556e+08
2.510736682359767556e+08
2.510736682359767556e+08
2.510736682359767556e+08
2.510736682359767556e+08
2.510736682359767556e+08
2.510736682359767556e+08
2.510736682359767556e+08
2.521748100519217849e+08
2.521748100519217849e+08
2.521748100519217849e+08
2.521748100519217849e+08
2.521748100519217849e+08
2.521748100519217849e+08
2.521748100519217849e+08
2.521748100519217849e+08
2.521748100519217849e+08
2.521748100519217849e+08
2.521748100519217849e+08
2.521748100519217849e+08
2.521748100519217849e+08
2.521748100519217849e+08
2.521748100519217849e+08
2.521748100519217849e+08
2.521748100519217849e+08
2.521748100519217849e+08
2.521748100519217849e+08
2.521748100519217849e+08
2.521748100519217849e+08
2.521748100519217849e+08
2.521748100519217849e+08
2.521748100519217849e+08
2.521748100519217849e+08
2.521748100519217849e+08
2.521748100519217849e+08
2.521748100519217849e+08
2.521748100519217849e+08
2.521748100519217849e+08
2.521748100519217849e+08
2.521748100519217849e+08
2.521748100519217849e+08
2.521748100519217849e+08
2.521748100519217849e+08
2.521748100519217849e+08
2.521748100519217849e+08
2.521748100519217849e+08
2.521748100519217849e+08
2.521748100519217849e+08
2.521748100519217849e+08
2.521748100519217849e+08
2.521748100519217849e+08
2.521748100519217849e+08
2.521748100519217849e+08
2.521748100519217849e+08
2.521748100519217849e+08
2.521748100519217849e+08
2.521748100519217849e+08
2.521748100519217849e+08
2.521748100519217849e+08
2.521748100519217849e+08
2.521748100519217849e+08
2.521748100519217849e+08
2.521748100519217849e+08
2.521748100519217849e+08
2.521748100519217849e+08
2.521748100519217849e+08
2.521748100519217849e+08
2.521748100519217849e+08
2.521748100519217849e+08
2.521748100519217849e+08
2.521748100519217849e+08
2.521748100519217849e+08
2.521748100519217849e+08
2.521748100519217849e+08
2.521748100519217849e+08
2.521748100519217849e+08
2.521748100519217849e+08
2.521748100519217849e+08
2.521748100519217849e+08
2.521748100519217849e+08
2.521748100519217849e+08
2.521748100519217849e+08
2.521748100519217849e+08
2.521748100519217849e+08
2.521748100519217849e+08
2.521748100519217849e+08
2.521748100519217849e+08
2.521748100519217849e+08
2.521748100519217849e+08
2.593813986129543781e+08
2.593813986129543781e+08
2.593813986129543781e+08
2.593813986129543781e+08
2.593813986129543781e+08
2.593813986129543781e+08
2.593813986129543781e+08
2.593813986129543781e+08
2.593813986129543781e+08
2.604054316953665912e+08
2.604054316953665912e+08
2.604054316953665912e+08
2.604054316953665912e+08
2.604054316953665912e+08
2.604054316953665912e+08
2.604054316953665912e+08
2.604054316953665912e+08
2.604054316953665912e+08
2.604054316953665912e+08
2.604054316953665912e+08
2.604054316953665912e+08
2.604054316953665912e+08
2.604054316953665912e+08
2.604054316953665912e+08
2.604054316953665912e+08
2.604054316953665912e+08
2.604054316953665912e+08
2.604054316953665912e+08
2.604054316953665912e+08
2.604054316953665912e+08
2.604054316953665912e+08
2.604054316953665912e+08
2.604054316953665912e+08
2.604054316953665912e+08
2.604054316953665912e+08
2.604054316953665912e+08
2.604054316953665912e+08
2.604054316953665912e+08
2.604054316953665912e+08
2.604054316953665912e+08
2.604054316953665912e+08
2.604054316953665912e+08
2.604054316953665912e+08
2.604054316953665912e+08
2.604054316953665912e+08
2.604054316953665912e+08
2.604054316953665912e+08
2.604054316953665912e+08
2.604054316953665912e+08
2.604054316953665912e+08
2.604054316953665912e+08
2.604054316953665912e+08
2.604054316953665912e+08
2.604054316953665912e+08
2.604054316953665912e+08
2.604054316953665912e+08
2.604054316953665912e+08
2.604054316953665912e+08
2.604054316953665912e+08
2.604054316953665912e+08
2.604054316953665912e+08
2.604054316953665912e+08
2.604054316953665912e+08
2.604054316953665912e+08
2.604054316953665912e+08
2.604054316953665912e+08
2.604054316953665912e+08
2.604054316953665912e+08
2.604054316953665912e+08
2.604054316953665912e+08
2.604054316953665912e+08
2.604054316953665912e+08
2.604054316953665912e+08
2.604054316953665912e+08
2.604054316953665912e+08
2.604054316953665912e+08
2.604054316953665912e+08
2.604054316953665912e+08
2.604054316953665912e+08
2.604054316953665912e+08
2.604054316953665912e+08
2.604054316953665912e+08
2.604054316953665912e+08
2.604054316953665912e+08
2.604054316953665912e+08
2.604054316953665912e+08
2.604054316953665912e+08
2.604054316953665912e+08
2.604054316953665912e+08
2.604054316953665912e+08
2.604054316953665912e+08
2.604054316953665912e+08
2.604054316953665912e+08
2.604054316953665912e+08
2.604054316953665912e+08
2.604054316953665912e+08
2.604054316953665912e+08
2.604054316953665912e+08
2.604054316953665912e+08
2.604054316953665912e+08
2.604054316953665912e+08
2.604054316953665912e+08
2.604054316953665912e+08
2.604054316953665912e+08
2.604054316953665912e+08
2.604054316953665912e+08
2.604054316953665912e+08
2.604054316953665912e+08
2.604054316953665912e+08
2.604054316953665912e+08
2.604054316953665912e+08
2.604054316953665912e+08
2.604054316953665912e+08
2.604054316953665912e+08
2.604054316953665912e+08
2.604054316953665912e+08
2.604054316953665912e+08
2.604054316953665912e+08
2.604054316953665912e+08
2.604054316953665912e+08
2.604054316953665912e+08
2.604054316953665912e+08
2.604054316953665912e+08
2.604054316953665912e+08
2.604054316953665912e+08
2.604054316953665912e+08
2.604054316953665912e+08
2.604054316953665912e+08
2.604054316953665912e+08
2.604054316953665912e+08
2.604054316953665912e+08
2.604054316953665912e+08
2.604054316953665912e+08
2.604054316953665912e+08
2.604054316953665912e+08
2.684979278251660466e+08
2.684979278251660466e+08
2.684979278251660466e+08
2.697076216983686090e+08
2.697076216983686090e+08
2.697076216983686090e+08
2.697076216983686090e+08
2.697076216983686090e+08
2.697076216983686090e+08
2.697076216983686090e+08
2.697076216983686090e+08
2.697076216983686090e+08
2.697076216983686090e+08
2.697076216983686090e+08
2.697076216983686090e+08
2.697076216983686090e+08
2.697076216983686090e+08
2.697076216983686090e+08
2.697076216983686090e+08
2.697076216983686090e+08
2.697076216983686090e+08
2.697076216983686090e+08
2.697076216983686090e+08
2.697076216983686090e+08
2.697076216983686090e+08
2.697076216983686090e+08
2.697076216983686090e+08
2.697076216983686090e+08
2.697076216983686090e+08
2.697076216983686090e+08
2.697076216983686090e+08
2.697076216983686090e+08
2.697076216983686090e+08
2.697076216983686090e+08
2.697076216983686090e+08
2.697076216983686090e+08
2.697076216983686090e+08
2.697076216983686090e+08
2.697076216983686090e+08
2.697076216983686090e+08
2.697076216983686090e+08
2.697076216983686090e+08
2.697076216983686090e+08
2.697076216983686090e+08
2.697076216983686090e+08
2.697076216983686090e+08
2.697076216983686090e+08
2.697076216983686090e+08
2.697076216983686090e+08
2.697076216983686090e+08
2.697076216983686090e+08
2.697076216983686090e+08
2.697076216983686090e+08
2.697076216983686090e+08
2.697076216983686090e+08
2.697076216983686090e+08
2.697076216983686090e+08
2.697076216983686090e+08
2.697076216983686090e+08
2.697076216983686090e+08
2.697076216983686090e+08
2.697076216983686090e+08
2.697076216983686090e+08
2.697076216983686090e+08
2.697076216983686090e+08
2.697076216983686090e+08
2.697076216983686090e+08
2.697076216983686090e+08
2.697076216983686090e+08
2.697076216983686090e+08
2.697076216983686090e+08
2.697076216983686090e+08
2.697076216983686090e+08
2.697076216983686090e+08
2.697076216983686090e+08
2.697076216983686090e+08
2.697076216983686090e+08
2.697076216983686090e+08
2.697076216983686090e+08
2.697076216983686090e+08
2.697076216983686090e+08
2.697076216983686090e+08
2.697076216983686090e+08
2.697076216983686090e+08
2.697076216983686090e+08
2.697076216983686090e+08
2.697076216983686090e+08
2.697076216983686090e+08
2.697076216983686090e+08
2.697076216983686090e+08
2.697076216983686090e+08
2.697076216983686090e+08
2.697076216983686090e+08
2.697076216983686090e+08
2.697076216983686090e+08
2.697076216983686090e+08
2.697076216983686090e+08
2.697076216983686090e+08
2.697076216983686090e+08
2.697076216983686090e+08
2.697076216983686090e+08
2.697076216983686090e+08
2.697076216983686090e+08
2.697076216983686090e+08
2.697076216983686090e+08
2.697076216983686090e+08
2.697076216983686090e+08
2.697076216983686090e+08
2.697076216983686090e+08
2.697076216983686090e+08
2.697076216983686090e+08
2.697076216983686090e+08
2.697076216983686090e+08
2.697076216983686090e+08
2.697076216983686090e+08
2.697076216983686090e+08
2.710104832854959369e+08
2.710104832854959369e+08
2.710104832854959369e+08
2.710104832854959369e+08
2.710104832854959369e+08
2.710104832854959369e+08
2.710104832854959369e+08
2.710104832854959369e+08
2.710104832854959369e+08
2.710104832854959369e+08
2.710104832854959369e+08
2.710104832854959369e+08
2.710104832854959369e+08
2.710104832854959369e+08
2.710104832854959369e+08
2.710104832854959369e+08
2.710104832854959369e+08
2.710104832854959369e+08
2.710104832854959369e+08
2.710104832854959369e+08
2.710104832854959369e+08
2.710104832854959369e+08
2.710104832854959369e+08
2.710104832854959369e+08
2.710104832854959369e+08
2.710104832854959369e+08
2.710104832854959369e+08
2.710104832854959369e+08
2.710104832854959369e+08
2.710104832854959369e+08
2.710104832854959369e+08
2.710104832854959369e+08
2.710104832854959369e+08
2.710104832854959369e+08
2.710104832854959369e+08
2.710104832854959369e+08
2.710104832854959369e+08
2.710104832854959369e+08
2.710104832854959369e+08
2.710104832854959369e+08
2.710104832854959369e+08
2.710104832854959369e+08
2.710104832854959369e+08
2.710104832854959369e+08
2.710104832854959369e+08
2.710104832854959369e+08
2.710104832854959369e+08
2.710104832854959369e+08
2.710104832854959369e+08
2.710104832854959369e+08
2.710104832854959369e+08
2.710104832854959369e+08
2.710104832854959369e+08
2.710104832854959369e+08
2.710104832854959369e+08
2.710104832854959369e+08
2.710104832854959369e+08
2.710104832854959369e+08
2.710104832854959369e+08
2.710104832854959369e+08
2.710104832854959369e+08
2.710104832854959369e+08
2.710104832854959369e+08
2.710104832854959369e+08
2.710104832854959369e+08
2.710104832854959369e+08
2.710104832854959369e+08
2.710104832854959369e+08
2.710104832854959369e+08
2.710104832854959369e+08
2.710104832854959369e+08
2.710104832854959369e+08
2.710104832854959369e+08
2.710104832854959369e+08
2.710104832854959369e+08
2.710104832854959369e+08
2.710104832854959369e+08
2.710104832854959369e+08
2.710104832854959369e+08
2.710104832854959369e+08
2.710104832854959369e+08
2.710104832854959369e+08
2.710104832854959369e+08
2.710104832854959369e+08
2.710104832854959369e+08
2.710104832854959369e+08
2.710104832854959369e+08
2.710104832854959369e+08
2.710104832854959369e+08
2.710104832854959369e+08
2.710104832854959369e+08
2.710104832854959369e+08
2.710104832854959369e+08
2.710104832854959369e+08
2.710104832854959369e+08
2.710104832854959369e+08
2.710104832854959369e+08
2.710104832854959369e+08
2.710104832854959369e+08
2.710104832854959369e+08
2.710104832854959369e+08
2.710104832854959369e+08
2.710104832854959369e+08
2.710104832854959369e+08
2.710104832854959369e+08
2.710104832854959369e+08
2.710104832854959369e+08
2.710104832854959369e+08
2.710104832854959369e+08
2.710104832854959369e+08
2.710104832854959369e+08
2.710104832854959369e+08
2.710104832854959369e+08
2.710104832854959369e+08
2.710104832854959369e+08
2.710104832854959369e+08
2.710104832854959369e+08
2.710104832854959369e+08
2.710104832854959369e+08
2.710104832854959369e+08
2.710104832854959369e+08
2.710104832854959369e+08
2.710104832854959369e+08
2.710104832854959369e+08
2.710104832854959369e+08
2.710104832854959369e+08
2.710104832854959369e+08
2.710104832854959369e+08
2.710104832854959369e+08
2.710104832854959369e+08
2.710104832854959369e+08
2.710104832854959369e+08
2.710104832854959369e+08
2.710104832854959369e+08
2.710104832854959369e+08
2.710104832854959369e+08
2.710104832854959369e+08
2.710104832854959369e+08
2.710104832854959369e+08
2.710104832854959369e+08
2.710104832854959369e+08
2.710104832854959369e+08
2.710104832854959369e+08
2.710104832854959369e+08
2.710104832854959369e+08
2.710104832854959369e+08
2.710104832854959369e+08
2.710104832854959369e+08
2.710104832854959369e+08
2.710104832854959369e+08
2.710104832854959369e+08
2.710104832854959369e+08
2.710104832854959369e+08
2.710104832854959369e+08
2.710104832854959369e+08
2.710104832854959369e+08
2.710104832854959369e+08
2.710104832854959369e+08
2.710104832854959369e+08
2.710104832854959369e+08
2.710104832854959369e+08
2.710104832854959369e+08
2.710104832854959369e+08
2.710104832854959369e+08
2.710104832854959369e+08
2.710104832854959369e+08
2.710104832854959369e+08
2.710104832854959369e+08
2.710104832854959369e+08
2.710104832854959369e+08
2.710104832854959369e+08
2.710104832854959369e+08
2.710104832854959369e+08
2.710104832854959369e+08
2.710104832854959369e+08
2.710104832854959369e+08
2.710104832854959369e+08
2.710104832854959369e+08
2.710104832854959369e+08
2.710104832854959369e+08
2.710104832854959369e+08
2.710104832854959369e+08
2.710104832854959369e+08
2.710104832854959369e+08
2.710104832854959369e+08
2.710104832854959369e+08
2.710104832854959369e+08
2.710104832854959369e+08
2.710104832854959369e+08
2.710104832854959369e+08
2.710104832854959369e+08
2.710104832854959369e+08
2.710104832854959369e+08
2.710104832854959369e+08
2.710104832854959369e+08
2.710104832854959369e+08
2.710104832854959369e+08
2.710104832854959369e+08
2.710104832854959369e+08
2.710104832854959369e+08
2.710104832854959369e+08
2.710104832854959369e+08
2.710104832854959369e+08
2.710104832854959369e+08
2.710104832854959369e+08
2.710104832854959369e+08
2.710104832854959369e+08
2.710104832854959369e+08
2.710104832854959369e+08
2.710104832854959369e+08
2.710104832854959369e+08
2.710104832854959369e+08
2.710104832854959369e+08
2.710104832854959369e+08
2.710104832854959369e+08
2.710104832854959369e+08
2.710104832854959369e+08
2.710104832854959369e+08
2.710104832854959369e+08
2.710104832854959369e+08
2.710104832854959369e+08
2.710104832854959369e+08
2.710104832854959369e+08
2.710104832854959369e+08
2.710104832854959369e+08
2.710104832854959369e+08
2.710104832854959369e+08
2.710104832854959369e+08
2.710104832854959369e+08
2.710104832854959369e+08
2.710104832854959369e+08
2.710104832854959369e+08
2.710104832854959369e+08
2.710104832854959369e+08
2.710104832854959369e+08
2.710104832854959369e+08
2.710104832854959369e+08
2.710104832854959369e+08
2.710104832854959369e+08
2.710104832854959369e+08
2.710104832854959369e+08
2.710104832854959369e+08
2.710104832854959369e+08
2.710104832854959369e+08
2.710104832854959369e+08
2.710104832854959369e+08
2.710104832854959369e+08
2.710104832854959369e+08
2.710104832854959369e+08
2.710104832854959369e+08
2.710104832854959369e+08
2.710104832854959369e+08
2.710104832854959369e+08
2.710104832854959369e+08
2.710104832854959369e+08
2.710104832854959369e+08
2.710104832854959369e+08
2.710104832854959369e+08
2.710104832854959369e+08
2.710104832854959369e+08
2.710104832854959369e+08
2.710104832854959369e+08
2.710104832854959369e+08
2.710104832854959369e+08
2.710104832854959369e+08
2.710104832854959369e+08
2.710104832854959369e+08
2.710104832854959369e+08
2.710104832854959369e+08
2.710104832854959369e+08
2.710104832854959369e+08
2.710104832854959369e+08
2.710104832854959369e+08
2.710104832854959369e+08
2.710104832854959369e+08
2.710104832854959369e+08
2.710104832854959369e+08
2.710104832854959369e+08
2.710104832854959369e+08
2.710104832854959369e+08
2.710104832854959369e+08
2.710104832854959369e+08
2.710104832854959369e+08
2.710104832854959369e+08
2.710104832854959369e+08
2.710104832854959369e+08
2.710104832854959369e+08
2.710104832854959369e+08
2.710104832854959369e+08
2.710104832854959369e+08
2.710104832854959369e+08
2.710104832854959369e+08
2.710104832854959369e+08
2.710104832854959369e+08
2.710104832854959369e+08
2.710104832854959369e+08
2.710104832854959369e+08
2.710104832854959369e+08
2.710104832854959369e+08
2.710104832854959369e+08
2.710104832854959369e+08
2.710104832854959369e+08
2.710104832854959369e+08
2.710104832854959369e+08
2.710104832854959369e+08
2.710104832854959369e+08
2.710104832854959369e+08
2.710104832854959369e+08
2.710104832854959369e+08
2.710104832854959369e+08
2.710104832854959369e+08
2.710104832854959369e+08
2.710104832854959369e+08
2.710104832854959369e+08
2.710104832854959369e+08
2.710104832854959369e+08
2.710104832854959369e+08
2.710104832854959369e+08
2.710104832854959369e+08
2.710104832854959369e+08
2.710104832854959369e+08
2.710104832854959369e+08
2.710104832854959369e+08
2.710104832854959369e+08
2.710104832854959369e+08
2.710104832854959369e+08
2.710104832854959369e+08
2.710104832854959369e+08
2.710104832854959369e+08
2.710104832854959369e+08
2.710104832854959369e+08
2.710104832854959369e+08
2.710104832854959369e+08
2.710104832854959369e+08
2.710104832854959369e+08
2.710104832854959369e+08
2.710104832854959369e+08
2.710104832854959369e+08
2.710104832854959369e+08
2.710104832854959369e+08
2.710104832854959369e+08
2.710104832854959369e+08
2.710104832854959369e+08
2.710104832854959369e+08
2.710104832854959369e+08
2.710104832854959369e+08
2.710104832854959369e+08
2.710104832854959369e+08
2.710104832854959369e+08
2.710104832854959369e+08
2.710104832854959369e+08
2.710104832854959369e+08
2.710104832854959369e+08
2.710104832854959369e+08
2.710104832854959369e+08
2.710104832854959369e+08
2.710104832854959369e+08
2.710104832854959369e+08
2.710104832854959369e+08
2.710104832854959369e+08
2.710104832854959369e+08
2.710104832854959369e+08
2.710104832854959369e+08
2.710104832854959369e+08
2.710104832854959369e+08
2.710104832854959369e+08
2.710104832854959369e+08
2.710104832854959369e+08
2.710104832854959369e+08
2.710104832854959369e+08
2.710104832854959369e+08
2.710104832854959369e+08
2.710104832854959369e+08
2.710104832854959369e+08
2.710104832854959369e+08
2.710104832854959369e+08
2.710104832854959369e+08
2.710104832854959369e+08
2.710104832854959369e+08
2.710104832854959369e+08
2.710104832854959369e+08
2.710104832854959369e+08
2.710104832854959369e+08
2.710104832854959369e+08
2.710104832854959369e+08
2.710104832854959369e+08
2.710104832854959369e+08
2.710104832854959369e+08
2.710104832854959369e+08
2.710104832854959369e+08
2.710104832854959369e+08
2.710104832854959369e+08
2.710104832854959369e+08
2.710104832854959369e+08
2.710104832854959369e+08
2.710104832854959369e+08
2.710104832854959369e+08
2.710104832854959369e+08
2.710104832854959369e+08
2.710104832854959369e+08
2.710104832854959369e+08
2.710104832854959369e+08
2.710104832854959369e+08
2.710104832854959369e+08
2.710104832854959369e+08
2.710104832854959369e+08
2.710104832854959369e+08
2.710104832854959369e+08
2.710104832854959369e+08
2.710104832854959369e+08
2.710104832854959369e+08
2.710104832854959369e+08
2.710104832854959369e+08
2.710104832854959369e+08
2.710104832854959369e+08
2.710104832854959369e+08
2.710104832854959369e+08
2.710104832854959369e+08
2.710104832854959369e+08
2.710104832854959369e+08
2.710104832854959369e+08
2.710104832854959369e+08
2.710104832854959369e+08
2.710104832854959369e+08
2.710104832854959369e+08
2.710104832854959369e+08
2.710104832854959369e+08
2.710104832854959369e+08
2.710104832854959369e+08
2.710104832854959369e+08
2.710104832854959369e+08
2.710104832854959369e+08
2.710104832854959369e+08
2.710104832854959369e+08
2.710104832854959369e+08
2.710104832854959369e+08
2.710104832854959369e+08
2.710104832854959369e+08
2.710104832854959369e+08
2.710104832854959369e+08
2.710104832854959369e+08
2.710104832854959369e+08
2.710104832854959369e+08
2.710104832854959369e+08
2.710104832854959369e+08
2.710104832854959369e+08
2.710104832854959369e+08
2.710104832854959369e+08
2.710104832854959369e+08
2.710104832854959369e+08
2.710104832854959369e+08
2.710104832854959369e+08
2.710104832854959369e+08
2.710104832854959369e+08
2.710104832854959369e+08
2.710104832854959369e+08
2.710104832854959369e+08
2.710104832854959369e+08
2.710104832854959369e+08
2.710104832854959369e+08
2.710104832854959369e+08
2.710104832854959369e+08
2.710104832854959369e+08
2.710104832854959369e+08
2.710104832854959369e+08
2.710104832854959369e+08
2.710104832854959369e+08
2.710104832854959369e+08
2.710104832854959369e+08
2.710104832854959369e+08
2.710104832854959369e+08
2.710104832854959369e+08
2.710104832854959369e+08
2.710104832854959369e+08
2.710104832854959369e+08
2.710104832854959369e+08
2.710104832854959369e+08
2.710104832854959369e+08
2.710104832854959369e+08
2.710104832854959369e+08
2.710104832854959369e+08
2.710104832854959369e+08
2.710104832854959369e+08
2.710104832854959369e+08
2.710104832854959369e+08
2.710104832854959369e+08
2.710104832854959369e+08
2.710104832854959369e+08
2.710104832854959369e+08
2.710104832854959369e+08
2.710104832854959369e+08
2.710104832854959369e+08
2.710104832854959369e+08
2.710104832854959369e+08
2.710104832854959369e+08
2.710104832854959369e+08
2.710104832854959369e+08
2.710104832854959369e+08
2.710104832854959369e+08
2.710104832854959369e+08
2.710104832854959369e+08
2.710104832854959369e+08
2.710104832854959369e+08
2.710104832854959369e+08
2.710104832854959369e+08
2.710104832854959369e+08
2.710104832854959369e+08
2.710104832854959369e+08
2.710104832854959369e+08
2.710104832854959369e+08
2.710104832854959369e+08
2.710104832854959369e+08
2.710104832854959369e+08
2.710104832854959369e+08
2.710104832854959369e+08
2.710104832854959369e+08
2.710104832854959369e+08
2.710104832854959369e+08
2.710104832854959369e+08
2.710104832854959369e+08
2.710104832854959369e+08
2.710104832854959369e+08
2.710104832854959369e+08
2.710104832854959369e+08
2.710104832854959369e+08
2.710104832854959369e+08
2.710104832854959369e+08
2.710104832854959369e+08
2.710104832854959369e+08
2.710104832854959369e+08
2.710104832854959369e+08
2.710104832854959369e+08
2.710104832854959369e+08
2.710104832854959369e+08
2.710104832854959369e+08
2.710104832854959369e+08
2.710104832854959369e+08
2.710104832854959369e+08
2.710104832854959369e+08
2.710104832854959369e+08
2.710104832854959369e+08
2.710104832854959369e+08
2.710104832854959369e+08
2.710104832854959369e+08
2.710104832854959369e+08
2.710104832854959369e+08
2.710104832854959369e+08
2.710104832854959369e+08
2.710104832854959369e+08
2.710104832854959369e+08
2.710104832854959369e+08
2.710104832854959369e+08
2.710104832854959369e+08
2.710104832854959369e+08
2.710104832854959369e+08
2.710104832854959369e+08
2.710104832854959369e+08
2.710104832854959369e+08
2.710104832854959369e+08
2.710104832854959369e+08
2.710104832854959369e+08
2.710104832854959369e+08
2.710104832854959369e+08
2.710104832854959369e+08
2.710104832854959369e+08
2.710104832854959369e+08
2.710104832854959369e+08
2.710104832854959369e+08
2.710104832854959369e+08
2.710104832854959369e+08
2.710104832854959369e+08
2.710104832854959369e+08
2.710104832854959369e+08
2.710104832854959369e+08
2.710104832854959369e+08
2.710104832854959369e+08
2.710104832854959369e+08
2.710104832854959369e+08
2.710104832854959369e+08
2.710104832854959369e+08
2.710104832854959369e+08
2.710104832854959369e+08
2.710104832854959369e+08
2.710104832854959369e+08
2.710104832854959369e+08
2.710104832854959369e+08
2.710104832854959369e+08
2.710104832854959369e+08
2.710104832854959369e+08
2.710104832854959369e+08
2.710104832854959369e+08
2.710104832854959369e+08
2.710104832854959369e+08
2.710104832854959369e+08
2.710104832854959369e+08
2.710104832854959369e+08
2.710104832854959369e+08
2.710104832854959369e+08
2.710104832854959369e+08
2.710104832854959369e+08
2.710104832854959369e+08
2.710104832854959369e+08
2.710104832854959369e+08
2.710104832854959369e+08
2.710104832854959369e+08
2.710104832854959369e+08
2.710104832854959369e+08
2.710104832854959369e+08
2.710104832854959369e+08
2.710104832854959369e+08
2.710104832854959369e+08
2.710104832854959369e+08
2.710104832854959369e+08
2.710104832854959369e+08
2.710104832854959369e+08
2.710104832854959369e+08
2.710104832854959369e+08
2.710104832854959369e+08
2.710104832854959369e+08
2.710104832854959369e+08
2.710104832854959369e+08
2.710104832854959369e+08
2.710104832854959369e+08
2.710104832854959369e+08
2.710104832854959369e+08
2.710104832854959369e+08
2.710104832854959369e+08
2.710104832854959369e+08
2.710104832854959369e+08
2.710104832854959369e+08
2.710104832854959369e+08
2.710104832854959369e+08
2.710104832854959369e+08
2.710104832854959369e+08
2.710104832854959369e+08
2.710104832854959369e+08
2.710104832854959369e+08
2.710104832854959369e+08
2.710104832854959369e+08
2.710104832854959369e+08
2.710104832854959369e+08
2.710104832854959369e+08
2.710104832854959369e+08
2.710104832854959369e+08
2.710104832854959369e+08
2.710104832854959369e+08
2.710104832854959369e+08
2.710104832854959369e+08
2.710104832854959369e+08
2.710104832854959369e+08
2.710104832854959369e+08
2.710104832854959369e+08
2.710104832854959369e+08
2.710104832854959369e+08
2.710104832854959369e+08
2.710104832854959369e+08
2.710104832854959369e+08
2.710104832854959369e+08
2.710104832854959369e+08
2.710104832854959369e+08
2.710104832854959369e+08
2.710104832854959369e+08
2.710104832854959369e+08
2.710104832854959369e+08
2.710104832854959369e+08
2.710104832854959369e+08
2.710104832854959369e+08
2.710104832854959369e+08
2.710104832854959369e+08
2.710104832854959369e+08
2.710104832854959369e+08
2.710104832854959369e+08
2.710104832854959369e+08
2.710104832854959369e+08
2.710104832854959369e+08
2.710104832854959369e+08
2.710104832854959369e+08
2.710104832854959369e+08
2.710104832854959369e+08
2.710104832854959369e+08
2.710104832854959369e+08
2.710104832854959369e+08
2.710104832854959369e+08
2.710104832854959369e+08
2.710104832854959369e+08
2.710104832854959369e+08
2.710104832854959369e+08
2.710104832854959369e+08
2.710104832854959369e+08
2.710104832854959369e+08
2.710104832854959369e+08
2.710104832854959369e+08
2.710104832854959369e+08
2.710104832854959369e+08
2.710104832854959369e+08
2.710104832854959369e+08
2.710104832854959369e+08
2.710104832854959369e+08
2.710104832854959369e+08
2.710104832854959369e+08
2.710104832854959369e+08
2.710104832854959369e+08
2.710104832854959369e+08
2.710104832854959369e+08
2.710104832854959369e+08
2.710104832854959369e+08
2.710104832854959369e+08
2.710104832854959369e+08
2.710104832854959369e+08
2.710104832854959369e+08
2.710104832854959369e+08
2.710104832854959369e+08
2.710104832854959369e+08
2.710104832854959369e+08
2.710104832854959369e+08
2.710104832854959369e+08
2.710104832854959369e+08
2.710104832854959369e+08
2.710104832854959369e+08
2.710104832854959369e+08
2.710104832854959369e+08
2.710104832854959369e+08
2.710104832854959369e+08
2.710104832854959369e+08
2.710104832854959369e+08
2.710104832854959369e+08
2.710104832854959369e+08
2.710104832854959369e+08
2.710104832854959369e+08
2.710104832854959369e+08
2.710104832854959369e+08
2.710104832854959369e+08
2.710104832854959369e+08
2.710104832854959369e+08
2.710104832854959369e+08
2.710104832854959369e+08
2.710104832854959369e+08
2.710104832854959369e+08
2.710104832854959369e+08
2.710104832854959369e+08
2.710104832854959369e+08
2.710104832854959369e+08
2.710104832854959369e+08
2.710104832854959369e+08
2.710104832854959369e+08
2.710104832854959369e+08
2.710104832854959369e+08
2.710104832854959369e+08
2.710104832854959369e+08
2.710104832854959369e+08
2.710104832854959369e+08
2.710104832854959369e+08
2.710104832854959369e+08
2.710104832854959369e+08
2.710104832854959369e+08
2.710104832854959369e+08
2.710104832854959369e+08
2.710104832854959369e+08
2.710104832854959369e+08
2.710104832854959369e+08
2.710104832854959369e+08
2.710104832854959369e+08
2.710104832854959369e+08
2.710104832854959369e+08
2.710104832854959369e+08
2.710104832854959369e+08
2.710104832854959369e+08
2.710104832854959369e+08
2.710104832854959369e+08
2.710104832854959369e+08
2.710104832854959369e+08
2.710104832854959369e+08
2.710104832854959369e+08
2.710104832854959369e+08
2.710104832854959369e+08
2.710104832854959369e+08
2.710104832854959369e+08
2.710104832854959369e+08
2.710104832854959369e+08
2.710104832854959369e+08
2.710104832854959369e+08
2.710104832854959369e+08
2.710104832854959369e+08
2.710104832854959369e+08
2.710104832854959369e+08
2.710104832854959369e+08
2.710104832854959369e+08
2.710104832854959369e+08
2.710104832854959369e+08
2.710104832854959369e+08
2.710104832854959369e+08
2.710104832854959369e+08
2.710104832854959369e+08
2.710104832854959369e+08
2.710104832854959369e+08
2.710104832854959369e+08
2.710104832854959369e+08
2.710104832854959369e+08
2.710104832854959369e+08
2.710104832854959369e+08
2.710104832854959369e+08
2.710104832854959369e+08
2.710104832854959369e+08
2.710104832854959369e+08
2.710104832854959369e+08
2.710104832854959369e+08
2.710104832854959369e+08
2.710104832854959369e+08
2.710104832854959369e+08
2.710104832854959369e+08
2.710104832854959369e+08
2.710104832854959369e+08
2.710104832854959369e+08
2.710104832854959369e+08
2.710104832854959369e+08
2.710104832854959369e+08
2.710104832854959369e+08
2.710104832854959369e+08
2.710104832854959369e+08
2.710104832854959369e+08
2.710104832854959369e+08
2.710104832854959369e+08
2.710104832854959369e+08
2.710104832854959369e+08
2.710104832854959369e+08
2.710104832854959369e+08
2.710104832854959369e+08
2.710104832854959369e+08
2.710104832854959369e+08
2.710104832854959369e+08
2.710104832854959369e+08
2.710104832854959369e+08
2.710104832854959369e+08
2.710104832854959369e+08
2.710104832854959369e+08
2.710104832854959369e+08
2.710104832854959369e+08
2.710104832854959369e+08
2.710104832854959369e+08
2.710104832854959369e+08
2.710104832854959369e+08
2.710104832854959369e+08
2.710104832854959369e+08
2.710104832854959369e+08
2.710104832854959369e+08
2.710104832854959369e+08
2.710104832854959369e+08
2.710104832854959369e+08
2.710104832854959369e+08
2.710104832854959369e+08
2.710104832854959369e+08
2.710104832854959369e+08
2.710104832854959369e+08
2.710104832854959369e+08
2.710104832854959369e+08
2.710104832854959369e+08
2.710104832854959369e+08
2.710104832854959369e+08
2.710104832854959369e+08
2.710104832854959369e+08
2.710104832854959369e+08
2.710104832854959369e+08
2.710104832854959369e+08
2.710104832854959369e+08
2.710104832854959369e+08
2.710104832854959369e+08
2.710104832854959369e+08
2.710104832854959369e+08
2.710104832854959369e+08
2.710104832854959369e+08
2.710104832854959369e+08
2.710104832854959369e+08
2.710104832854959369e+08
2.710104832854959369e+08
2.710104832854959369e+08
2.710104832854959369e+08
2.710104832854959369e+08
2.710104832854959369e+08
2.710104832854959369e+08
2.710104832854959369e+08
2.710104832854959369e+08
2.710104832854959369e+08
2.710104832854959369e+08
2.710104832854959369e+08
2.710104832854959369e+08
2.710104832854959369e+08
2.710104832854959369e+08
2.710104832854959369e+08
2.710104832854959369e+08
2.710104832854959369e+08
2.710104832854959369e+08
2.710104832854959369e+08
2.710104832854959369e+08
2.710104832854959369e+08
2.710104832854959369e+08
2.710104832854959369e+08
2.710104832854959369e+08
2.710104832854959369e+08
2.710104832854959369e+08
2.710104832854959369e+08
2.710104832854959369e+08
2.710104832854959369e+08
2.710104832854959369e+08
2.710104832854959369e+08
2.710104832854959369e+08
2.710104832854959369e+08
2.710104832854959369e+08
2.710104832854959369e+08
2.710104832854959369e+08
2.710104832854959369e+08
2.710104832854959369e+08
2.710104832854959369e+08
2.710104832854959369e+08
2.710104832854959369e+08
2.710104832854959369e+08
2.710104832854959369e+08
2.710104832854959369e+08
2.710104832854959369e+08
2.710104832854959369e+08
2.710104832854959369e+08
2.710104832854959369e+08
2.710104832854959369e+08
2.710104832854959369e+08
2.710104832854959369e+08
2.710104832854959369e+08
2.710104832854959369e+08
2.710104832854959369e+08
2.710104832854959369e+08
2.710104832854959369e+08
2.710104832854959369e+08
2.710104832854959369e+08
2.710104832854959369e+08
2.710104832854959369e+08
2.710104832854959369e+08
2.710104832854959369e+08
2.710104832854959369e+08
2.710104832854959369e+08
2.710104832854959369e+08
2.710104832854959369e+08
2.710104832854959369e+08
2.710104832854959369e+08
2.710104832854959369e+08
2.710104832854959369e+08
2.710104832854959369e+08
2.710104832854959369e+08
2.710104832854959369e+08
2.710104832854959369e+08
2.710104832854959369e+08
2.710104832854959369e+08
2.710104832854959369e+08
2.710104832854959369e+08
2.710104832854959369e+08
2.710104832854959369e+08
2.710104832854959369e+08
2.710104832854959369e+08
2.710104832854959369e+08
2.710104832854959369e+08
2.710104832854959369e+08
2.710104832854959369e+08
2.710104832854959369e+08
2.710104832854959369e+08
2.710104832854959369e+08
2.710104832854959369e+08
2.710104832854959369e+08
2.710104832854959369e+08
2.710104832854959369e+08
2.710104832854959369e+08
2.710104832854959369e+08
2.710104832854959369e+08
2.710104832854959369e+08
2.710104832854959369e+08
2.710104832854959369e+08
2.710104832854959369e+08
2.710104832854959369e+08
2.710104832854959369e+08
2.710104832854959369e+08
2.710104832854959369e+08
2.710104832854959369e+08
2.710104832854959369e+08
2.710104832854959369e+08
2.710104832854959369e+08
2.710104832854959369e+08
2.710104832854959369e+08
2.710104832854959369e+08
2.710104832854959369e+08
2.710104832854959369e+08
2.710104832854959369e+08
2.710104832854959369e+08
2.710104832854959369e+08
2.710104832854959369e+08
2.710104832854959369e+08
2.710104832854959369e+08
2.710104832854959369e+08
2.710104832854959369e+08
2.710104832854959369e+08
2.710104832854959369e+08
2.710104832854959369e+08
2.710104832854959369e+08
2.710104832854959369e+08
2.710104832854959369e+08
2.710104832854959369e+08
2.710104832854959369e+08
2.710104832854959369e+08
2.710104832854959369e+08
2.710104832854959369e+08
2.710104832854959369e+08
2.710104832854959369e+08
2.710104832854959369e+08
2.710104832854959369e+08
2.710104832854959369e+08
2.710104832854959369e+08
2.710104832854959369e+08
2.710104832854959369e+08
2.710104832854959369e+08
2.710104832854959369e+08
2.710104832854959369e+08
2.710104832854959369e+08
2.710104832854959369e+08
2.710104832854959369e+08
2.710104832854959369e+08
2.710104832854959369e+08
2.710104832854959369e+08
2.710104832854959369e+08
2.710104832854959369e+08
2.710104832854959369e+08
2.710104832854959369e+08
2.710104832854959369e+08
2.710104832854959369e+08
2.710104832854959369e+08
2.710104832854959369e+08
2.710104832854959369e+08
2.710104832854959369e+08
2.710104832854959369e+08
2.710104832854959369e+08
2.710104832854959369e+08
2.710104832854959369e+08
2.710104832854959369e+08
2.710104832854959369e+08
2.710104832854959369e+08
2.710104832854959369e+08
2.710104832854959369e+08
2.710104832854959369e+08
2.710104832854959369e+08
2.710104832854959369e+08
2.710104832854959369e+08
2.710104832854959369e+08
2.710104832854959369e+08
2.710104832854959369e+08
2.710104832854959369e+08
2.710104832854959369e+08
2.710104832854959369e+08
2.710104832854959369e+08
2.710104832854959369e+08
2.710104832854959369e+08
2.710104832854959369e+08
2.710104832854959369e+08
2.710104832854959369e+08
2.710104832854959369e+08
2.710104832854959369e+08
2.710104832854959369e+08
2.710104832854959369e+08
2.710104832854959369e+08
2.710104832854959369e+08
2.710104832854959369e+08
2.710104832854959369e+08
2.710104832854959369e+08
2.710104832854959369e+08
2.710104832854959369e+08
2.710104832854959369e+08
2.710104832854959369e+08
2.710104832854959369e+08
2.710104832854959369e+08
2.710104832854959369e+08
2.710104832854959369e+08
2.710104832854959369e+08
2.710104832854959369e+08
2.710104832854959369e+08
2.710104832854959369e+08
2.710104832854959369e+08
2.710104832854959369e+08
2.710104832854959369e+08
2.710104832854959369e+08
2.710104832854959369e+08
2.710104832854959369e+08
2.710104832854959369e+08
2.710104832854959369e+08
2.710104832854959369e+08
2.710104832854959369e+08
2.710104832854959369e+08
2.710104832854959369e+08
2.710104832854959369e+08
2.710104832854959369e+08
2.710104832854959369e+08
2.710104832854959369e+08
2.710104832854959369e+08
2.710104832854959369e+08
2.710104832854959369e+08
2.710104832854959369e+08
2.710104832854959369e+08
2.710104832854959369e+08
2.710104832854959369e+08
2.710104832854959369e+08
2.710104832854959369e+08
2.710104832854959369e+08
2.710104832854959369e+08
2.710104832854959369e+08
2.710104832854959369e+08
2.710104832854959369e+08
2.710104832854959369e+08
2.710104832854959369e+08
2.710104832854959369e+08
2.710104832854959369e+08
2.710104832854959369e+08
2.710104832854959369e+08
2.710104832854959369e+08
2.710104832854959369e+08
2.710104832854959369e+08
2.710104832854959369e+08
2.710104832854959369e+08
2.710104832854959369e+08
2.710104832854959369e+08
2.710104832854959369e+08
2.710104832854959369e+08
2.710104832854959369e+08
2.710104832854959369e+08
2.710104832854959369e+08
2.710104832854959369e+08
2.710104832854959369e+08
2.710104832854959369e+08
2.710104832854959369e+08
2.710104832854959369e+08
2.710104832854959369e+08
2.710104832854959369e+08
2.710104832854959369e+08
2.710104832854959369e+08
2.710104832854959369e+08
2.710104832854959369e+08
2.710104832854959369e+08
2.710104832854959369e+08
2.710104832854959369e+08
2.710104832854959369e+08
2.710104832854959369e+08
2.710104832854959369e+08
2.710104832854959369e+08
2.710104832854959369e+08
2.710104832854959369e+08
2.710104832854959369e+08
2.710104832854959369e+08
2.710104832854959369e+08
2.710104832854959369e+08
2.710104832854959369e+08
2.710104832854959369e+08
2.710104832854959369e+08
2.710104832854959369e+08
2.710104832854959369e+08
2.710104832854959369e+08
2.710104832854959369e+08
2.710104832854959369e+08
2.710104832854959369e+08
2.710104832854959369e+08
2.710104832854959369e+08
2.710104832854959369e+08
2.710104832854959369e+08
2.710104832854959369e+08
2.710104832854959369e+08
2.710104832854959369e+08
2.710104832854959369e+08
2.710104832854959369e+08
2.710104832854959369e+08
2.710104832854959369e+08
2.710104832854959369e+08
2.710104832854959369e+08
2.710104832854959369e+08
2.710104832854959369e+08
2.710104832854959369e+08
2.710104832854959369e+08
2.710104832854959369e+08
2.710104832854959369e+08
2.710104832854959369e+08
2.710104832854959369e+08
2.710104832854959369e+08
2.710104832854959369e+08
2.710104832854959369e+08
2.710104832854959369e+08
2.710104832854959369e+08
2.710104832854959369e+08
2.710104832854959369e+08
2.710104832854959369e+08
2.710104832854959369e+08
2.710104832854959369e+08
2.710104832854959369e+08
2.710104832854959369e+08
2.710104832854959369e+08
2.710104832854959369e+08
2.710104832854959369e+08
2.710104832854959369e+08
2.710104832854959369e+08
2.710104832854959369e+08
2.710104832854959369e+08
2.710104832854959369e+08
2.710104832854959369e+08
2.710104832854959369e+08
2.710104832854959369e+08
2.710104832854959369e+08
2.710104832854959369e+08
2.710104832854959369e+08
2.710104832854959369e+08
2.710104832854959369e+08
2.710104832854959369e+08
2.710104832854959369e+08
2.710104832854959369e+08
2.710104832854959369e+08
2.710104832854959369e+08
2.710104832854959369e+08
2.710104832854959369e+08
2.710104832854959369e+08
2.710104832854959369e+08
2.710104832854959369e+08
2.710104832854959369e+08
2.710104832854959369e+08
2.710104832854959369e+08
2.710104832854959369e+08
2.710104832854959369e+08
2.710104832854959369e+08
2.710104832854959369e+08
2.710104832854959369e+08
2.710104832854959369e+08
2.710104832854959369e+08
2.710104832854959369e+08
2.710104832854959369e+08
2.710104832854959369e+08
2.710104832854959369e+08
2.710104832854959369e+08
2.710104832854959369e+08
2.710104832854959369e+08
2.710104832854959369e+08
2.710104832854959369e+08
2.710104832854959369e+08
2.710104832854959369e+08
2.710104832854959369e+08
2.710104832854959369e+08
2.710104832854959369e+08
2.710104832854959369e+08
2.710104832854959369e+08
2.710104832854959369e+08
2.710104832854959369e+08
2.710104832854959369e+08
2.710104832854959369e+08
2.710104832854959369e+08
2.710104832854959369e+08
2.710104832854959369e+08
2.710104832854959369e+08
2.710104832854959369e+08
2.710104832854959369e+08
2.710104832854959369e+08
2.710104832854959369e+08
2.710104832854959369e+08
2.710104832854959369e+08
2.710104832854959369e+08
2.710104832854959369e+08
2.710104832854959369e+08
2.710104832854959369e+08
2.710104832854959369e+08
2.710104832854959369e+08
2.710104832854959369e+08
2.710104832854959369e+08
2.710104832854959369e+08
2.710104832854959369e+08
2.710104832854959369e+08
2.710104832854959369e+08
2.710104832854959369e+08
2.710104832854959369e+08
2.710104832854959369e+08
2.710104832854959369e+08
2.710104832854959369e+08
2.710104832854959369e+08
2.710104832854959369e+08
2.710104832854959369e+08
2.710104832854959369e+08
2.710104832854959369e+08
2.710104832854959369e+08
2.710104832854959369e+08
2.710104832854959369e+08
2.710104832854959369e+08
2.710104832854959369e+08
2.710104832854959369e+08
2.710104832854959369e+08
2.710104832854959369e+08
2.710104832854959369e+08
2.710104832854959369e+08
2.710104832854959369e+08
2.710104832854959369e+08
2.710104832854959369e+08
2.710104832854959369e+08
2.710104832854959369e+08
2.710104832854959369e+08
2.710104832854959369e+08
2.710104832854959369e+08
2.710104832854959369e+08
2.710104832854959369e+08
2.710104832854959369e+08
2.710104832854959369e+08
2.710104832854959369e+08
2.710104832854959369e+08
2.710104832854959369e+08
2.710104832854959369e+08
2.710104832854959369e+08
2.710104832854959369e+08
2.710104832854959369e+08
2.710104832854959369e+08
2.710104832854959369e+08
2.710104832854959369e+08
2.710104832854959369e+08
2.710104832854959369e+08
2.710104832854959369e+08
2.710104832854959369e+08
2.710104832854959369e+08
2.710104832854959369e+08
2.710104832854959369e+08
2.710104832854959369e+08
2.710104832854959369e+08
2.710104832854959369e+08
2.710104832854959369e+08
2.710104832854959369e+08
2.710104832854959369e+08
2.710104832854959369e+08
2.710104832854959369e+08
2.710104832854959369e+08
2.710104832854959369e+08
2.710104832854959369e+08
2.710104832854959369e+08
2.710104832854959369e+08
2.710104832854959369e+08
2.710104832854959369e+08
2.710104832854959369e+08
2.710104832854959369e+08
2.710104832854959369e+08
2.710104832854959369e+08
2.710104832854959369e+08
2.710104832854959369e+08
2.710104832854959369e+08
2.710104832854959369e+08
2.710104832854959369e+08
2.710104832854959369e+08
2.710104832854959369e+08
2.710104832854959369e+08
2.710104832854959369e+08
2.710104832854959369e+08
2.710104832854959369e+08
2.710104832854959369e+08
2.710104832854959369e+08
2.710104832854959369e+08
2.710104832854959369e+08
2.710104832854959369e+08
2.710104832854959369e+08
2.710104832854959369e+08
2.710104832854959369e+08
2.710104832854959369e+08
2.710104832854959369e+08
2.710104832854959369e+08
2.710104832854959369e+08
2.710104832854959369e+08
2.710104832854959369e+08
2.710104832854959369e+08
2.710104832854959369e+08
2.710104832854959369e+08
2.710104832854959369e+08
2.710104832854959369e+08
2.710104832854959369e+08
2.710104832854959369e+08
2.710104832854959369e+08
2.710104832854959369e+08
2.710104832854959369e+08
2.710104832854959369e+08
2.710104832854959369e+08
2.710104832854959369e+08
2.710104832854959369e+08
2.710104832854959369e+08
2.710104832854959369e+08
2.710104832854959369e+08
2.710104832854959369e+08
2.710104832854959369e+08
2.710104832854959369e+08
2.710104832854959369e+08
2.710104832854959369e+08
2.710104832854959369e+08
2.710104832854959369e+08
2.710104832854959369e+08
2.710104832854959369e+08
2.710104832854959369e+08
2.710104832854959369e+08
2.710104832854959369e+08
2.710104832854959369e+08
2.710104832854959369e+08
2.710104832854959369e+08
2.710104832854959369e+08
2.710104832854959369e+08
2.710104832854959369e+08
2.710104832854959369e+08
2.710104832854959369e+08
2.710104832854959369e+08
2.710104832854959369e+08
2.710104832854959369e+08
2.710104832854959369e+08
2.710104832854959369e+08
2.710104832854959369e+08
2.710104832854959369e+08
2.710104832854959369e+08
2.710104832854959369e+08
2.710104832854959369e+08
2.710104832854959369e+08
2.710104832854959369e+08
2.710104832854959369e+08
2.710104832854959369e+08
2.710104832854959369e+08
2.710104832854959369e+08
2.710104832854959369e+08
2.710104832854959369e+08
2.710104832854959369e+08
2.710104832854959369e+08
2.710104832854959369e+08
2.710104832854959369e+08
2.710104832854959369e+08
2.710104832854959369e+08
2.710104832854959369e+08
2.710104832854959369e+08
2.710104832854959369e+08
2.710104832854959369e+08
2.710104832854959369e+08
2.710104832854959369e+08
2.710104832854959369e+08
2.710104832854959369e+08
2.710104832854959369e+08
2.710104832854959369e+08
2.710104832854959369e+08
2.710104832854959369e+08
2.710104832854959369e+08
2.710104832854959369e+08
2.710104832854959369e+08
2.710104832854959369e+08
2.710104832854959369e+08
2.710104832854959369e+08
2.710104832854959369e+08
2.710104832854959369e+08
2.710104832854959369e+08
2.710104832854959369e+08
2.710104832854959369e+08
2.710104832854959369e+08
2.710104832854959369e+08
2.710104832854959369e+08
2.710104832854959369e+08
2.710104832854959369e+08
2.710104832854959369e+08
2.710104832854959369e+08
2.710104832854959369e+08
2.710104832854959369e+08
2.710104832854959369e+08
2.710104832854959369e+08
2.710104832854959369e+08
2.710104832854959369e+08
2.710104832854959369e+08
2.710104832854959369e+08
2.710104832854959369e+08
2.710104832854959369e+08
2.710104832854959369e+08
2.710104832854959369e+08
2.710104832854959369e+08
2.710104832854959369e+08
2.710104832854959369e+08
2.710104832854959369e+08
2.710104832854959369e+08
2.710104832854959369e+08
2.710104832854959369e+08
2.710104832854959369e+08
2.710104832854959369e+08
2.710104832854959369e+08
2.710104832854959369e+08
2.710104832854959369e+08
2.710104832854959369e+08
2.710104832854959369e+08
2.710104832854959369e+08
2.710104832854959369e+08
2.710104832854959369e+08
2.710104832854959369e+08
2.710104832854959369e+08
2.710104832854959369e+08
2.710104832854959369e+08
2.710104832854959369e+08
2.710104832854959369e+08
2.710104832854959369e+08
2.710104832854959369e+08
2.710104832854959369e+08
2.710104832854959369e+08
2.710104832854959369e+08
2.710104832854959369e+08
2.710104832854959369e+08
2.710104832854959369e+08
2.710104832854959369e+08
2.710104832854959369e+08
2.710104832854959369e+08
2.710104832854959369e+08
2.710104832854959369e+08
2.710104832854959369e+08
2.710104832854959369e+08
2.710104832854959369e+08
2.710104832854959369e+08
2.710104832854959369e+08
2.710104832854959369e+08
2.710104832854959369e+08
2.710104832854959369e+08
2.710104832854959369e+08
2.710104832854959369e+08
2.710104832854959369e+08
2.710104832854959369e+08
2.710104832854959369e+08
2.710104832854959369e+08
2.710104832854959369e+08
2.710104832854959369e+08
2.710104832854959369e+08
2.710104832854959369e+08
2.710104832854959369e+08
2.710104832854959369e+08
2.710104832854959369e+08
2.710104832854959369e+08
2.710104832854959369e+08
2.710104832854959369e+08
2.710104832854959369e+08
2.710104832854959369e+08
2.710104832854959369e+08
2.710104832854959369e+08
2.710104832854959369e+08
2.710104832854959369e+08
2.710104832854959369e+08
2.710104832854959369e+08
2.710104832854959369e+08
2.710104832854959369e+08
2.710104832854959369e+08
2.710104832854959369e+08
2.710104832854959369e+08
2.710104832854959369e+08
2.710104832854959369e+08
2.710104832854959369e+08
2.710104832854959369e+08
2.710104832854959369e+08
2.710104832854959369e+08
2.710104832854959369e+08
2.710104832854959369e+08
2.710104832854959369e+08
2.710104832854959369e+08
2.710104832854959369e+08
2.710104832854959369e+08
2.710104832854959369e+08
2.710104832854959369e+08
2.710104832854959369e+08
2.710104832854959369e+08
2.710104832854959369e+08
2.710104832854959369e+08
2.710104832854959369e+08
2.710104832854959369e+08
2.710104832854959369e+08
2.710104832854959369e+08
2.710104832854959369e+08
2.710104832854959369e+08
2.710104832854959369e+08
2.710104832854959369e+08
2.710104832854959369e+08
2.710104832854959369e+08
2.710104832854959369e+08
2.710104832854959369e+08
2.710104832854959369e+08
2.710104832854959369e+08
2.710104832854959369e+08
2.710104832854959369e+08
2.710104832854959369e+08
2.710104832854959369e+08
2.710104832854959369e+08
2.710104832854959369e+08
2.710104832854959369e+08
2.710104832854959369e+08
2.710104832854959369e+08
2.710104832854959369e+08
2.710104832854959369e+08
2.710104832854959369e+08
2.710104832854959369e+08
2.710104832854959369e+08
2.710104832854959369e+08
2.710104832854959369e+08
2.710104832854959369e+08
2.710104832854959369e+08
2.710104832854959369e+08
2.710104832854959369e+08
2.710104832854959369e+08
2.710104832854959369e+08
2.710104832854959369e+08
2.710104832854959369e+08
2.710104832854959369e+08
2.710104832854959369e+08
2.710104832854959369e+08
2.710104832854959369e+08
2.710104832854959369e+08
2.710104832854959369e+08
2.710104832854959369e+08
2.710104832854959369e+08
2.710104832854959369e+08
2.710104832854959369e+08
2.710104832854959369e+08
2.710104832854959369e+08
2.710104832854959369e+08
2.710104832854959369e+08
2.710104832854959369e+08
2.710104832854959369e+08
2.710104832854959369e+08
2.710104832854959369e+08
2.710104832854959369e+08
2.710104832854959369e+08
2.710104832854959369e+08
2.710104832854959369e+08
2.710104832854959369e+08
2.710104832854959369e+08
2.710104832854959369e+08
2.710104832854959369e+08
2.710104832854959369e+08
2.710104832854959369e+08
2.710104832854959369e+08
2.710104832854959369e+08
2.710104832854959369e+08
2.710104832854959369e+08
2.710104832854959369e+08
2.710104832854959369e+08
2.710104832854959369e+08
2.710104832854959369e+08
2.710104832854959369e+08
2.710104832854959369e+08
2.710104832854959369e+08
2.710104832854959369e+08
2.710104832854959369e+08
2.710104832854959369e+08
2.710104832854959369e+08
2.710104832854959369e+08
2.710104832854959369e+08
2.710104832854959369e+08
2.710104832854959369e+08
2.710104832854959369e+08
2.710104832854959369e+08
2.710104832854959369e+08
2.710104832854959369e+08
2.710104832854959369e+08
2.710104832854959369e+08
2.710104832854959369e+08
2.710104832854959369e+08
2.710104832854959369e+08
2.710104832854959369e+08
2.710104832854959369e+08
2.710104832854959369e+08
2.710104832854959369e+08
2.710104832854959369e+08
2.710104832854959369e+08
2.710104832854959369e+08
2.710104832854959369e+08
2.710104832854959369e+08
2.710104832854959369e+08
2.710104832854959369e+08
2.710104832854959369e+08
2.710104832854959369e+08
2.710104832854959369e+08
2.710104832854959369e+08
2.710104832854959369e+08
2.710104832854959369e+08
2.710104832854959369e+08
2.710104832854959369e+08
2.710104832854959369e+08
2.710104832854959369e+08
2.710104832854959369e+08
2.710104832854959369e+08
2.710104832854959369e+08
2.710104832854959369e+08
2.710104832854959369e+08
2.710104832854959369e+08
2.710104832854959369e+08
2.710104832854959369e+08
2.710104832854959369e+08
2.710104832854959369e+08
2.710104832854959369e+08
2.710104832854959369e+08
2.710104832854959369e+08
2.710104832854959369e+08
2.710104832854959369e+08
2.710104832854959369e+08
2.710104832854959369e+08
2.710104832854959369e+08
2.710104832854959369e+08
2.710104832854959369e+08
2.710104832854959369e+08
2.710104832854959369e+08
2.710104832854959369e+08
2.735486828061428070e+08
2.747636888383181095e+08
2.759205843399832249e+08
2.759205843399832249e+08
2.759205843399832249e+08
2.759205843399832249e+08
2.759205843399832249e+08
2.759205843399832249e+08
2.759205843399832249e+08
2.759205843399832249e+08
2.759205843399832249e+08
2.759205843399832249e+08
2.759205843399832249e+08
2.759205843399832249e+08
2.759205843399832249e+08
2.759205843399832249e+08
2.759205843399832249e+08
2.759205843399832249e+08
2.759205843399832249e+08
2.759205843399832249e+08
2.759205843399832249e+08
2.759205843399832249e+08
2.759205843399832249e+08
2.759205843399832249e+08
2.759205843399832249e+08
2.759205843399832249e+08
2.759205843399832249e+08
2.759205843399832249e+08
2.759205843399832249e+08
2.759205843399832249e+08
2.759205843399832249e+08
2.759205843399832249e+08
2.759205843399832249e+08
2.759205843399832249e+08
2.759205843399832249e+08
2.759205843399832249e+08
2.759205843399832249e+08
2.759205843399832249e+08
2.759205843399832249e+08
2.759205843399832249e+08
2.759205843399832249e+08
2.759205843399832249e+08
2.759205843399832249e+08
2.759205843399832249e+08
2.759205843399832249e+08
2.759205843399832249e+08
2.759205843399832249e+08
2.759205843399832249e+08
2.759205843399832249e+08
2.759205843399832249e+08
2.759205843399832249e+08
2.759205843399832249e+08
2.759205843399832249e+08
2.759205843399832249e+08
2.759205843399832249e+08
2.759205843399832249e+08
2.759205843399832249e+08
2.759205843399832249e+08
2.759205843399832249e+08
2.759205843399832249e+08
2.759205843399832249e+08
2.759205843399832249e+08
2.759205843399832249e+08
2.759205843399832249e+08
2.759205843399832249e+08
2.759205843399832249e+08
2.759205843399832249e+08
2.759205843399832249e+08
2.759205843399832249e+08
2.759205843399832249e+08
2.759205843399832249e+08
2.759205843399832249e+08
2.759205843399832249e+08
2.759205843399832249e+08
2.759205843399832249e+08
2.759205843399832249e+08
2.759205843399832249e+08
2.759205843399832249e+08
2.759205843399832249e+08
2.759205843399832249e+08
2.759205843399832249e+08
2.759205843399832249e+08
2.759205843399832249e+08
2.759205843399832249e+08
2.759205843399832249e+08
2.759205843399832249e+08
2.759205843399832249e+08
2.759205843399832249e+08
2.759205843399832249e+08
2.759205843399832249e+08
2.759205843399832249e+08
2.759205843399832249e+08
2.759205843399832249e+08
2.759205843399832249e+08
2.759205843399832249e+08
2.759205843399832249e+08
2.759205843399832249e+08
2.759205843399832249e+08
2.759205843399832249e+08
2.759205843399832249e+08
2.759205843399832249e+08
2.759205843399832249e+08
2.759205843399832249e+08
2.759205843399832249e+08
2.759205843399832249e+08
2.759205843399832249e+08
2.759205843399832249e+08
2.759205843399832249e+08
2.759205843399832249e+08
2.759205843399832249e+08
2.759205843399832249e+08
2.759205843399832249e+08
2.759205843399832249e+08
2.759205843399832249e+08
2.759205843399832249e+08
2.759205843399832249e+08
2.759205843399832249e+08
2.759205843399832249e+08
2.759205843399832249e+08
2.759205843399832249e+08
2.759205843399832249e+08
2.759205843399832249e+08
2.759205843399832249e+08
2.759205843399832249e+08
2.759205843399832249e+08
2.759205843399832249e+08
2.759205843399832249e+08
2.759205843399832249e+08
2.759205843399832249e+08
2.759205843399832249e+08
2.759205843399832249e+08
2.759205843399832249e+08
2.759205843399832249e+08
2.759205843399832249e+08
2.759205843399832249e+08
2.759205843399832249e+08
2.759205843399832249e+08
2.759205843399832249e+08
2.759205843399832249e+08
2.759205843399832249e+08
2.759205843399832249e+08
2.759205843399832249e+08
2.759205843399832249e+08
2.759205843399832249e+08
2.759205843399832249e+08
2.759205843399832249e+08
2.759205843399832249e+08
2.759205843399832249e+08
2.759205843399832249e+08
2.759205843399832249e+08
2.759205843399832249e+08
2.759205843399832249e+08
2.759205843399832249e+08
2.759205843399832249e+08
2.759205843399832249e+08
2.759205843399832249e+08
2.759205843399832249e+08
2.759205843399832249e+08
2.759205843399832249e+08
2.759205843399832249e+08
2.759205843399832249e+08
2.759205843399832249e+08
2.759205843399832249e+08
2.759205843399832249e+08
2.759205843399832249e+08
2.759205843399832249e+08
2.759205843399832249e+08
2.759205843399832249e+08
2.759205843399832249e+08
2.759205843399832249e+08
2.759205843399832249e+08
2.759205843399832249e+08
2.759205843399832249e+08
2.759205843399832249e+08
2.759205843399832249e+08
2.759205843399832249e+08
2.759205843399832249e+08
2.759205843399832249e+08
2.759205843399832249e+08
2.759205843399832249e+08
2.759205843399832249e+08
2.759205843399832249e+08
2.759205843399832249e+08
2.759205843399832249e+08
2.759205843399832249e+08
2.759205843399832249e+08
2.759205843399832249e+08
2.759205843399832249e+08
2.759205843399832249e+08
2.759205843399832249e+08
2.759205843399832249e+08
2.759205843399832249e+08
2.759205843399832249e+08
2.759205843399832249e+08
2.759205843399832249e+08
2.759205843399832249e+08
2.759205843399832249e+08
2.759205843399832249e+08
2.759205843399832249e+08
2.759205843399832249e+08
2.759205843399832249e+08
2.759205843399832249e+08
2.759205843399832249e+08
2.759205843399832249e+08
2.759205843399832249e+08
2.759205843399832249e+08
2.759205843399832249e+08
2.759205843399832249e+08
2.759205843399832249e+08
2.759205843399832249e+08
2.759205843399832249e+08
2.759205843399832249e+08
2.759205843399832249e+08
2.759205843399832249e+08
2.759205843399832249e+08
2.759205843399832249e+08
2.759205843399832249e+08
2.759205843399832249e+08
2.759205843399832249e+08
2.759205843399832249e+08
2.759205843399832249e+08
2.759205843399832249e+08
2.759205843399832249e+08
2.759205843399832249e+08
2.759205843399832249e+08
2.759205843399832249e+08
2.759205843399832249e+08
2.759205843399832249e+08
2.759205843399832249e+08
2.759205843399832249e+08
2.759205843399832249e+08
2.759205843399832249e+08
2.759205843399832249e+08
2.759205843399832249e+08
2.759205843399832249e+08
2.759205843399832249e+08
2.759205843399832249e+08
2.759205843399832249e+08
2.759205843399832249e+08
2.759205843399832249e+08
2.759205843399832249e+08
2.759205843399832249e+08
2.759205843399832249e+08
2.759205843399832249e+08
2.759205843399832249e+08
2.759205843399832249e+08
2.759205843399832249e+08
2.759205843399832249e+08
2.759205843399832249e+08
2.759205843399832249e+08
2.759205843399832249e+08
2.759205843399832249e+08
2.759205843399832249e+08
2.759205843399832249e+08
2.759205843399832249e+08
2.759205843399832249e+08
2.759205843399832249e+08
2.759205843399832249e+08
2.759205843399832249e+08
2.759205843399832249e+08
2.759205843399832249e+08
2.759205843399832249e+08
2.759205843399832249e+08
2.759205843399832249e+08
2.759205843399832249e+08
2.759205843399832249e+08
2.759205843399832249e+08
2.759205843399832249e+08
2.759205843399832249e+08
2.759205843399832249e+08
2.759205843399832249e+08
2.794848429764438868e+08
2.804726457703789473e+08
2.804726457703789473e+08
2.804726457703789473e+08
2.804726457703789473e+08
2.804726457703789473e+08
2.804726457703789473e+08
2.804726457703789473e+08
2.804726457703789473e+08
2.804726457703789473e+08
2.804726457703789473e+08
2.804726457703789473e+08
2.804726457703789473e+08
2.804726457703789473e+08
2.804726457703789473e+08
2.804726457703789473e+08
2.804726457703789473e+08
2.804726457703789473e+08
2.804726457703789473e+08
2.804726457703789473e+08
2.804726457703789473e+08
2.804726457703789473e+08
2.804726457703789473e+08
2.804726457703789473e+08
2.804726457703789473e+08
2.804726457703789473e+08
2.804726457703789473e+08
2.804726457703789473e+08
2.804726457703789473e+08
2.804726457703789473e+08
2.804726457703789473e+08
2.804726457703789473e+08
2.804726457703789473e+08
2.804726457703789473e+08
2.804726457703789473e+08
2.804726457703789473e+08
2.804726457703789473e+08
2.804726457703789473e+08
2.804726457703789473e+08
2.804726457703789473e+08
2.804726457703789473e+08
2.804726457703789473e+08
2.804726457703789473e+08
2.804726457703789473e+08
2.804726457703789473e+08
2.804726457703789473e+08
2.804726457703789473e+08
2.804726457703789473e+08
2.804726457703789473e+08
2.804726457703789473e+08
2.804726457703789473e+08
2.804726457703789473e+08
2.804726457703789473e+08
2.804726457703789473e+08
2.804726457703789473e+08
2.804726457703789473e+08
2.804726457703789473e+08
2.804726457703789473e+08
2.804726457703789473e+08
2.804726457703789473e+08
2.804726457703789473e+08
2.804726457703789473e+08
2.804726457703789473e+08
2.804726457703789473e+08
2.804726457703789473e+08
2.804726457703789473e+08
2.804726457703789473e+08
2.804726457703789473e+08
2.804726457703789473e+08
2.804726457703789473e+08
2.804726457703789473e+08
2.804726457703789473e+08
2.804726457703789473e+08
2.804726457703789473e+08
2.804726457703789473e+08
2.804726457703789473e+08
2.804726457703789473e+08
2.804726457703789473e+08
2.804726457703789473e+08
2.804726457703789473e+08
2.804726457703789473e+08
2.804726457703789473e+08
2.804726457703789473e+08
2.804726457703789473e+08
2.804726457703789473e+08
2.804726457703789473e+08
2.804726457703789473e+08
2.804726457703789473e+08
2.804726457703789473e+08
2.804726457703789473e+08
2.804726457703789473e+08
2.804726457703789473e+08
2.804726457703789473e+08
2.804726457703789473e+08
2.804726457703789473e+08
2.804726457703789473e+08
2.804726457703789473e+08
2.804726457703789473e+08
2.804726457703789473e+08
2.804726457703789473e+08
2.804726457703789473e+08
2.804726457703789473e+08
2.804726457703789473e+08
2.804726457703789473e+08
2.804726457703789473e+08
2.804726457703789473e+08
2.804726457703789473e+08
2.804726457703789473e+08
2.804726457703789473e+08
2.804726457703789473e+08
2.804726457703789473e+08
2.804726457703789473e+08
2.804726457703789473e+08
2.804726457703789473e+08
2.804726457703789473e+08
2.804726457703789473e+08
2.804726457703789473e+08
2.804726457703789473e+08
2.804726457703789473e+08
2.804726457703789473e+08
2.804726457703789473e+08
2.804726457703789473e+08
2.804726457703789473e+08
2.804726457703789473e+08
2.804726457703789473e+08
2.804726457703789473e+08
2.804726457703789473e+08
2.804726457703789473e+08
2.804726457703789473e+08
2.804726457703789473e+08
2.804726457703789473e+08
2.804726457703789473e+08
2.804726457703789473e+08
2.804726457703789473e+08
2.804726457703789473e+08
2.804726457703789473e+08
2.804726457703789473e+08
2.804726457703789473e+08
2.804726457703789473e+08
2.804726457703789473e+08
2.804726457703789473e+08
2.804726457703789473e+08
2.804726457703789473e+08
2.804726457703789473e+08
2.804726457703789473e+08
2.804726457703789473e+08
2.804726457703789473e+08
2.804726457703789473e+08
2.804726457703789473e+08
2.804726457703789473e+08
2.804726457703789473e+08
2.804726457703789473e+08
2.804726457703789473e+08
2.804726457703789473e+08
2.804726457703789473e+08
2.804726457703789473e+08
2.804726457703789473e+08
2.804726457703789473e+08
2.804726457703789473e+08
2.804726457703789473e+08
2.804726457703789473e+08
2.804726457703789473e+08
2.804726457703789473e+08
2.804726457703789473e+08
2.804726457703789473e+08
2.804726457703789473e+08
2.804726457703789473e+08
2.804726457703789473e+08
2.804726457703789473e+08
2.804726457703789473e+08
2.804726457703789473e+08
2.804726457703789473e+08
2.804726457703789473e+08
2.804726457703789473e+08
2.804726457703789473e+08
2.804726457703789473e+08
2.804726457703789473e+08
2.804726457703789473e+08
2.804726457703789473e+08
2.804726457703789473e+08
2.804726457703789473e+08
2.804726457703789473e+08
2.804726457703789473e+08
2.804726457703789473e+08
2.804726457703789473e+08
2.804726457703789473e+08
2.804726457703789473e+08
2.804726457703789473e+08
2.804726457703789473e+08
2.804726457703789473e+08
2.804726457703789473e+08
2.804726457703789473e+08
2.804726457703789473e+08
2.804726457703789473e+08
2.804726457703789473e+08
2.804726457703789473e+08
2.804726457703789473e+08
2.804726457703789473e+08
2.804726457703789473e+08
2.804726457703789473e+08
2.804726457703789473e+08
2.804726457703789473e+08
2.804726457703789473e+08
2.804726457703789473e+08
2.804726457703789473e+08
2.804726457703789473e+08
2.804726457703789473e+08
2.804726457703789473e+08
2.804726457703789473e+08
2.804726457703789473e+08
2.804726457703789473e+08
2.804726457703789473e+08
2.804726457703789473e+08
2.804726457703789473e+08
2.804726457703789473e+08
2.804726457703789473e+08
2.804726457703789473e+08
2.804726457703789473e+08
2.804726457703789473e+08
2.804726457703789473e+08
2.804726457703789473e+08
2.804726457703789473e+08
2.804726457703789473e+08
2.804726457703789473e+08
2.804726457703789473e+08
2.804726457703789473e+08
2.804726457703789473e+08
2.804726457703789473e+08
2.804726457703789473e+08
2.804726457703789473e+08
2.804726457703789473e+08
2.804726457703789473e+08
2.804726457703789473e+08
2.804726457703789473e+08
2.804726457703789473e+08
2.804726457703789473e+08
2.804726457703789473e+08
2.804726457703789473e+08
2.804726457703789473e+08
2.804726457703789473e+08
2.804726457703789473e+08
2.804726457703789473e+08
2.804726457703789473e+08
2.804726457703789473e+08
2.804726457703789473e+08
2.830404454416326284e+08
2.842110807517482042e+08
2.842110807517482042e+08
2.842110807517482042e+08
2.842110807517482042e+08
2.842110807517482042e+08
2.842110807517482042e+08
2.842110807517482042e+08
2.842110807517482042e+08
2.842110807517482042e+08
2.842110807517482042e+08
2.842110807517482042e+08
2.842110807517482042e+08
2.842110807517482042e+08
2.842110807517482042e+08
2.842110807517482042e+08
2.842110807517482042e+08
2.842110807517482042e+08
2.842110807517482042e+08
2.842110807517482042e+08
2.842110807517482042e+08
2.842110807517482042e+08
2.842110807517482042e+08
2.842110807517482042e+08
2.842110807517482042e+08
2.842110807517482042e+08
2.842110807517482042e+08
2.842110807517482042e+08
2.842110807517482042e+08
2.842110807517482042e+08
2.842110807517482042e+08
2.842110807517482042e+08
2.842110807517482042e+08
2.842110807517482042e+08
2.842110807517482042e+08
2.842110807517482042e+08
2.842110807517482042e+08
2.855823551304559708e+08
2.868990817247470617e+08
2.881346675674111843e+08
2.881346675674111843e+08
2.881346675674111843e+08
2.881346675674111843e+08
2.881346675674111843e+08
2.881346675674111843e+08
2.881346675674111843e+08
2.881346675674111843e+08
2.881346675674111843e+08
2.881346675674111843e+08
2.881346675674111843e+08
2.881346675674111843e+08
2.881346675674111843e+08
2.881346675674111843e+08
2.881346675674111843e+08
2.881346675674111843e+08
2.881346675674111843e+08
2.881346675674111843e+08
2.881346675674111843e+08
2.881346675674111843e+08
2.881346675674111843e+08
2.881346675674111843e+08
2.881346675674111843e+08
2.881346675674111843e+08
2.881346675674111843e+08
2.881346675674111843e+08
2.881346675674111843e+08
2.881346675674111843e+08
2.881346675674111843e+08
2.881346675674111843e+08
2.881346675674111843e+08
2.881346675674111843e+08
2.881346675674111843e+08
2.881346675674111843e+08
2.881346675674111843e+08
2.881346675674111843e+08
2.881346675674111843e+08
2.881346675674111843e+08
2.881346675674111843e+08
2.881346675674111843e+08
2.881346675674111843e+08
2.881346675674111843e+08
2.881346675674111843e+08
2.881346675674111843e+08
2.881346675674111843e+08
2.881346675674111843e+08
2.881346675674111843e+08
2.881346675674111843e+08
2.881346675674111843e+08
2.881346675674111843e+08
2.881346675674111843e+08
2.881346675674111843e+08
2.881346675674111843e+08
2.881346675674111843e+08
2.881346675674111843e+08
2.881346675674111843e+08
2.881346675674111843e+08
2.881346675674111843e+08
2.881346675674111843e+08
2.881346675674111843e+08
2.881346675674111843e+08
2.881346675674111843e+08
2.881346675674111843e+08
2.881346675674111843e+08
2.881346675674111843e+08
2.881346675674111843e+08
2.881346675674111843e+08
2.881346675674111843e+08
2.881346675674111843e+08
2.881346675674111843e+08
2.881346675674111843e+08
2.881346675674111843e+08
2.881346675674111843e+08
2.881346675674111843e+08
2.881346675674111843e+08
2.881346675674111843e+08
2.881346675674111843e+08
2.881346675674111843e+08
2.881346675674111843e+08
2.881346675674111843e+08
2.881346675674111843e+08
2.881346675674111843e+08
2.881346675674111843e+08
2.881346675674111843e+08
2.881346675674111843e+08
2.881346675674111843e+08
2.881346675674111843e+08
2.881346675674111843e+08
2.881346675674111843e+08
2.881346675674111843e+08
2.881346675674111843e+08
2.881346675674111843e+08
2.881346675674111843e+08
2.881346675674111843e+08
2.881346675674111843e+08
2.881346675674111843e+08
2.881346675674111843e+08
2.881346675674111843e+08
2.881346675674111843e+08
2.881346675674111843e+08
2.881346675674111843e+08
2.881346675674111843e+08
2.881346675674111843e+08
2.881346675674111843e+08
2.881346675674111843e+08
2.881346675674111843e+08
2.881346675674111843e+08
2.881346675674111843e+08
2.881346675674111843e+08
2.881346675674111843e+08
2.881346675674111843e+08
2.881346675674111843e+08
2.881346675674111843e+08
2.881346675674111843e+08
2.881346675674111843e+08
2.881346675674111843e+08
2.881346675674111843e+08
2.881346675674111843e+08
2.881346675674111843e+08
2.881346675674111843e+08
2.881346675674111843e+08
2.881346675674111843e+08
2.881346675674111843e+08
2.881346675674111843e+08
2.881346675674111843e+08
2.881346675674111843e+08
2.881346675674111843e+08
2.881346675674111843e+08
2.881346675674111843e+08
2.881346675674111843e+08
2.881346675674111843e+08
2.881346675674111843e+08
2.881346675674111843e+08
2.881346675674111843e+08
2.881346675674111843e+08
2.881346675674111843e+08
2.881346675674111843e+08
2.881346675674111843e+08
2.881346675674111843e+08
2.881346675674111843e+08
2.881346675674111843e+08
2.881346675674111843e+08
2.881346675674111843e+08
2.881346675674111843e+08
2.881346675674111843e+08
2.881346675674111843e+08
2.881346675674111843e+08
2.881346675674111843e+08
2.881346675674111843e+08
2.881346675674111843e+08
2.881346675674111843e+08
2.881346675674111843e+08
2.881346675674111843e+08
2.881346675674111843e+08
2.881346675674111843e+08
2.881346675674111843e+08
2.881346675674111843e+08
2.881346675674111843e+08
2.881346675674111843e+08
2.881346675674111843e+08
2.881346675674111843e+08
2.881346675674111843e+08
2.893855671244544983e+08
2.893855671244544983e+08
2.893855671244544983e+08
2.893855671244544983e+08
2.893855671244544983e+08
2.893855671244544983e+08
2.893855671244544983e+08
2.893855671244544983e+08
2.893855671244544983e+08
2.893855671244544983e+08
2.893855671244544983e+08
2.893855671244544983e+08
2.893855671244544983e+08
2.893855671244544983e+08
2.893855671244544983e+08
2.893855671244544983e+08
2.893855671244544983e+08
2.893855671244544983e+08
2.893855671244544983e+08
2.893855671244544983e+08
2.893855671244544983e+08
2.893855671244544983e+08
2.893855671244544983e+08
2.893855671244544983e+08
2.893855671244544983e+08
2.893855671244544983e+08
2.893855671244544983e+08
2.893855671244544983e+08
2.893855671244544983e+08
2.893855671244544983e+08
2.893855671244544983e+08
2.893855671244544983e+08
2.893855671244544983e+08
2.893855671244544983e+08
2.893855671244544983e+08
2.893855671244544983e+08
2.893855671244544983e+08
2.893855671244544983e+08
2.893855671244544983e+08
2.893855671244544983e+08
2.893855671244544983e+08
2.893855671244544983e+08
2.893855671244544983e+08
2.893855671244544983e+08
2.893855671244544983e+08
2.893855671244544983e+08
2.893855671244544983e+08
2.893855671244544983e+08
2.893855671244544983e+08
2.893855671244544983e+08
2.893855671244544983e+08
2.893855671244544983e+08
2.893855671244544983e+08
2.893855671244544983e+08
2.893855671244544983e+08
2.893855671244544983e+08
2.893855671244544983e+08
2.893855671244544983e+08
2.893855671244544983e+08
2.893855671244544983e+08
2.893855671244544983e+08
2.893855671244544983e+08
2.893855671244544983e+08
2.893855671244544983e+08
2.893855671244544983e+08
2.893855671244544983e+08
2.893855671244544983e+08
2.893855671244544983e+08
2.893855671244544983e+08
2.893855671244544983e+08
2.893855671244544983e+08
2.893855671244544983e+08
2.893855671244544983e+08
2.893855671244544983e+08
2.893855671244544983e+08
2.893855671244544983e+08
2.893855671244544983e+08
2.893855671244544983e+08
2.893855671244544983e+08
2.909243331921398044e+08
2.909243331921398044e+08
2.909243331921398044e+08
2.909243331921398044e+08
2.909243331921398044e+08
2.909243331921398044e+08
2.909243331921398044e+08
2.909243331921398044e+08
2.909243331921398044e+08
2.909243331921398044e+08
2.909243331921398044e+08
2.909243331921398044e+08
2.909243331921398044e+08
2.909243331921398044e+08
2.909243331921398044e+08
2.909243331921398044e+08
2.909243331921398044e+08
2.909243331921398044e+08
2.909243331921398044e+08
2.909243331921398044e+08
2.909243331921398044e+08
2.909243331921398044e+08
2.909243331921398044e+08
2.909243331921398044e+08
2.909243331921398044e+08
2.909243331921398044e+08
2.909243331921398044e+08
2.909243331921398044e+08
2.909243331921398044e+08
2.909243331921398044e+08
2.909243331921398044e+08
2.909243331921398044e+08
2.909243331921398044e+08
2.909243331921398044e+08
2.909243331921398044e+08
2.909243331921398044e+08
2.909243331921398044e+08
2.909243331921398044e+08
2.909243331921398044e+08
2.909243331921398044e+08
2.909243331921398044e+08
2.909243331921398044e+08
2.909243331921398044e+08
2.909243331921398044e+08
2.909243331921398044e+08
2.909243331921398044e+08
2.909243331921398044e+08
2.909243331921398044e+08
2.909243331921398044e+08
2.909243331921398044e+08
2.909243331921398044e+08
2.909243331921398044e+08
2.909243331921398044e+08
2.909243331921398044e+08
2.909243331921398044e+08
2.909243331921398044e+08
2.909243331921398044e+08
2.909243331921398044e+08
2.909243331921398044e+08
2.909243331921398044e+08
2.909243331921398044e+08
2.909243331921398044e+08
2.909243331921398044e+08
2.909243331921398044e+08
2.909243331921398044e+08
2.909243331921398044e+08
2.909243331921398044e+08
2.909243331921398044e+08
2.909243331921398044e+08
2.909243331921398044e+08
2.909243331921398044e+08
2.909243331921398044e+08
2.909243331921398044e+08
2.909243331921398044e+08
2.909243331921398044e+08
2.909243331921398044e+08
2.909243331921398044e+08
2.909243331921398044e+08
2.909243331921398044e+08
2.909243331921398044e+08
2.909243331921398044e+08
2.909243331921398044e+08
2.909243331921398044e+08
2.909243331921398044e+08
2.909243331921398044e+08
2.909243331921398044e+08
2.909243331921398044e+08
2.909243331921398044e+08
2.909243331921398044e+08
2.909243331921398044e+08
2.909243331921398044e+08
2.909243331921398044e+08
2.909243331921398044e+08
2.909243331921398044e+08
2.909243331921398044e+08
2.909243331921398044e+08
2.909243331921398044e+08
2.909243331921398044e+08
2.909243331921398044e+08
2.909243331921398044e+08
2.909243331921398044e+08
2.909243331921398044e+08
2.909243331921398044e+08
2.909243331921398044e+08
2.909243331921398044e+08
2.909243331921398044e+08
2.909243331921398044e+08
2.909243331921398044e+08
2.909243331921398044e+08
2.909243331921398044e+08
2.909243331921398044e+08
2.909243331921398044e+08
2.909243331921398044e+08
2.909243331921398044e+08
2.909243331921398044e+08
2.909243331921398044e+08
2.909243331921398044e+08
2.909243331921398044e+08
2.909243331921398044e+08
2.909243331921398044e+08
2.909243331921398044e+08
2.909243331921398044e+08
2.909243331921398044e+08
2.909243331921398044e+08
2.909243331921398044e+08
2.909243331921398044e+08
2.909243331921398044e+08
2.909243331921398044e+08
2.909243331921398044e+08
2.909243331921398044e+08
2.909243331921398044e+08
2.909243331921398044e+08
2.909243331921398044e+08
2.909243331921398044e+08
2.909243331921398044e+08
2.909243331921398044e+08
2.909243331921398044e+08
2.909243331921398044e+08
2.909243331921398044e+08
2.909243331921398044e+08
2.909243331921398044e+08
2.909243331921398044e+08
2.909243331921398044e+08
2.909243331921398044e+08
2.909243331921398044e+08
2.909243331921398044e+08
2.909243331921398044e+08
2.909243331921398044e+08
2.909243331921398044e+08
2.909243331921398044e+08
2.909243331921398044e+08
2.909243331921398044e+08
2.909243331921398044e+08
2.909243331921398044e+08
2.909243331921398044e+08
2.909243331921398044e+08
2.925139377317356467e+08
2.925139377317356467e+08
2.925139377317356467e+08
2.925139377317356467e+08
2.925139377317356467e+08
2.925139377317356467e+08
2.925139377317356467e+08
2.925139377317356467e+08
2.925139377317356467e+08
2.925139377317356467e+08
2.925139377317356467e+08
2.925139377317356467e+08
2.925139377317356467e+08
2.925139377317356467e+08
2.925139377317356467e+08
2.925139377317356467e+08
2.925139377317356467e+08
2.925139377317356467e+08
2.925139377317356467e+08
2.925139377317356467e+08
2.925139377317356467e+08
2.925139377317356467e+08
2.925139377317356467e+08
2.925139377317356467e+08
2.925139377317356467e+08
2.925139377317356467e+08
2.925139377317356467e+08
2.925139377317356467e+08
2.925139377317356467e+08
2.925139377317356467e+08
2.925139377317356467e+08
2.925139377317356467e+08
2.925139377317356467e+08
2.925139377317356467e+08
2.925139377317356467e+08
2.925139377317356467e+08
2.925139377317356467e+08
2.925139377317356467e+08
2.925139377317356467e+08
2.925139377317356467e+08
2.925139377317356467e+08
2.925139377317356467e+08
2.925139377317356467e+08
2.925139377317356467e+08
2.925139377317356467e+08
2.925139377317356467e+08
2.925139377317356467e+08
2.925139377317356467e+08
2.925139377317356467e+08
2.925139377317356467e+08
2.925139377317356467e+08
2.925139377317356467e+08
2.925139377317356467e+08
2.925139377317356467e+08
2.925139377317356467e+08
2.925139377317356467e+08
2.925139377317356467e+08
2.925139377317356467e+08
2.925139377317356467e+08
2.925139377317356467e+08
2.925139377317356467e+08
2.925139377317356467e+08
2.925139377317356467e+08
2.925139377317356467e+08
2.925139377317356467e+08
2.925139377317356467e+08
2.925139377317356467e+08
2.925139377317356467e+08
2.925139377317356467e+08
2.925139377317356467e+08
2.925139377317356467e+08
2.925139377317356467e+08
2.925139377317356467e+08
2.925139377317356467e+08
2.925139377317356467e+08
2.925139377317356467e+08
2.925139377317356467e+08
2.925139377317356467e+08
2.925139377317356467e+08
2.925139377317356467e+08
2.925139377317356467e+08
2.925139377317356467e+08
2.925139377317356467e+08
2.925139377317356467e+08
2.925139377317356467e+08
2.925139377317356467e+08
2.925139377317356467e+08
2.925139377317356467e+08
2.925139377317356467e+08
2.925139377317356467e+08
2.925139377317356467e+08
2.925139377317356467e+08
2.925139377317356467e+08
2.925139377317356467e+08
2.925139377317356467e+08
2.925139377317356467e+08
2.925139377317356467e+08
2.925139377317356467e+08
2.925139377317356467e+08
2.925139377317356467e+08
2.925139377317356467e+08
2.925139377317356467e+08
2.925139377317356467e+08
2.925139377317356467e+08
2.925139377317356467e+08
2.925139377317356467e+08
2.925139377317356467e+08
2.925139377317356467e+08
2.925139377317356467e+08
2.925139377317356467e+08
2.925139377317356467e+08
2.925139377317356467e+08
2.925139377317356467e+08
2.925139377317356467e+08
2.925139377317356467e+08
2.925139377317356467e+08
2.925139377317356467e+08
2.925139377317356467e+08
2.925139377317356467e+08
2.925139377317356467e+08
2.925139377317356467e+08
2.925139377317356467e+08
2.925139377317356467e+08
2.925139377317356467e+08
2.925139377317356467e+08
2.925139377317356467e+08
2.925139377317356467e+08
2.925139377317356467e+08
2.925139377317356467e+08
2.925139377317356467e+08
2.925139377317356467e+08
2.925139377317356467e+08
2.925139377317356467e+08
2.925139377317356467e+08
2.925139377317356467e+08
2.925139377317356467e+08
2.925139377317356467e+08
2.925139377317356467e+08
2.925139377317356467e+08
2.925139377317356467e+08
2.925139377317356467e+08
2.925139377317356467e+08
2.925139377317356467e+08
2.925139377317356467e+08
2.925139377317356467e+08
2.925139377317356467e+08
2.925139377317356467e+08
2.925139377317356467e+08
2.925139377317356467e+08
2.925139377317356467e+08
2.925139377317356467e+08
2.925139377317356467e+08
2.925139377317356467e+08
2.925139377317356467e+08
2.925139377317356467e+08
2.925139377317356467e+08
2.925139377317356467e+08
2.925139377317356467e+08
2.925139377317356467e+08
2.925139377317356467e+08
2.925139377317356467e+08
2.925139377317356467e+08
2.925139377317356467e+08
2.925139377317356467e+08
2.925139377317356467e+08
2.925139377317356467e+08
2.925139377317356467e+08
2.925139377317356467e+08
2.925139377317356467e+08
2.925139377317356467e+08
2.925139377317356467e+08
2.925139377317356467e+08
2.925139377317356467e+08
2.925139377317356467e+08
2.925139377317356467e+08
2.925139377317356467e+08
2.925139377317356467e+08
2.925139377317356467e+08
2.925139377317356467e+08
2.925139377317356467e+08
2.925139377317356467e+08
2.925139377317356467e+08
2.925139377317356467e+08
2.925139377317356467e+08
2.925139377317356467e+08
2.925139377317356467e+08
2.925139377317356467e+08
2.925139377317356467e+08
2.925139377317356467e+08
2.925139377317356467e+08
2.925139377317356467e+08
2.925139377317356467e+08
2.925139377317356467e+08
2.925139377317356467e+08
2.925139377317356467e+08
2.925139377317356467e+08
2.925139377317356467e+08
2.925139377317356467e+08
2.925139377317356467e+08
2.925139377317356467e+08
2.925139377317356467e+08
2.925139377317356467e+08
2.925139377317356467e+08
2.925139377317356467e+08
2.925139377317356467e+08
2.925139377317356467e+08
2.925139377317356467e+08
2.925139377317356467e+08
2.925139377317356467e+08
2.925139377317356467e+08
2.925139377317356467e+08
2.925139377317356467e+08
2.925139377317356467e+08
2.925139377317356467e+08
2.925139377317356467e+08
2.925139377317356467e+08
2.925139377317356467e+08
2.925139377317356467e+08
2.925139377317356467e+08
2.925139377317356467e+08
2.925139377317356467e+08
2.925139377317356467e+08
2.925139377317356467e+08
2.925139377317356467e+08
2.925139377317356467e+08
2.925139377317356467e+08
2.925139377317356467e+08
2.925139377317356467e+08
2.925139377317356467e+08
2.925139377317356467e+08
2.925139377317356467e+08
2.925139377317356467e+08
2.925139377317356467e+08
2.925139377317356467e+08
2.925139377317356467e+08
2.925139377317356467e+08
2.925139377317356467e+08
2.925139377317356467e+08
2.925139377317356467e+08
2.925139377317356467e+08
2.925139377317356467e+08
2.925139377317356467e+08
2.925139377317356467e+08
2.925139377317356467e+08
2.925139377317356467e+08
2.925139377317356467e+08
2.925139377317356467e+08
2.925139377317356467e+08
2.925139377317356467e+08
2.925139377317356467e+08
2.925139377317356467e+08
2.925139377317356467e+08
2.925139377317356467e+08
2.925139377317356467e+08
2.925139377317356467e+08
2.925139377317356467e+08
2.925139377317356467e+08
2.925139377317356467e+08
2.925139377317356467e+08
2.925139377317356467e+08
2.925139377317356467e+08
2.925139377317356467e+08
2.925139377317356467e+08
2.925139377317356467e+08
2.925139377317356467e+08
2.925139377317356467e+08
2.925139377317356467e+08
2.925139377317356467e+08
2.925139377317356467e+08
2.925139377317356467e+08
2.925139377317356467e+08
2.925139377317356467e+08
2.925139377317356467e+08
2.925139377317356467e+08
2.925139377317356467e+08
2.925139377317356467e+08
2.925139377317356467e+08
2.925139377317356467e+08
2.925139377317356467e+08
2.925139377317356467e+08
2.925139377317356467e+08
2.925139377317356467e+08
2.925139377317356467e+08
2.925139377317356467e+08
2.925139377317356467e+08
2.925139377317356467e+08
2.925139377317356467e+08
2.925139377317356467e+08
2.925139377317356467e+08
2.925139377317356467e+08
2.925139377317356467e+08
2.925139377317356467e+08
2.925139377317356467e+08
2.925139377317356467e+08
2.925139377317356467e+08
2.925139377317356467e+08
2.925139377317356467e+08
2.925139377317356467e+08
2.925139377317356467e+08
2.925139377317356467e+08
2.925139377317356467e+08
2.925139377317356467e+08
2.925139377317356467e+08
2.925139377317356467e+08
2.925139377317356467e+08
2.925139377317356467e+08
2.925139377317356467e+08
2.925139377317356467e+08
2.925139377317356467e+08
2.925139377317356467e+08
2.925139377317356467e+08
2.925139377317356467e+08
2.925139377317356467e+08
2.925139377317356467e+08
2.925139377317356467e+08
2.925139377317356467e+08
2.925139377317356467e+08
2.925139377317356467e+08
2.925139377317356467e+08
2.925139377317356467e+08
2.925139377317356467e+08
2.925139377317356467e+08
2.925139377317356467e+08
2.925139377317356467e+08
2.925139377317356467e+08
2.925139377317356467e+08
2.925139377317356467e+08
2.925139377317356467e+08
2.925139377317356467e+08
2.925139377317356467e+08
2.925139377317356467e+08
2.925139377317356467e+08
2.925139377317356467e+08
2.925139377317356467e+08
2.925139377317356467e+08
2.925139377317356467e+08
2.925139377317356467e+08
2.925139377317356467e+08
2.925139377317356467e+08
2.925139377317356467e+08
2.925139377317356467e+08
2.925139377317356467e+08
2.925139377317356467e+08
2.925139377317356467e+08
2.925139377317356467e+08
2.925139377317356467e+08
2.925139377317356467e+08
2.925139377317356467e+08
2.925139377317356467e+08
2.925139377317356467e+08
2.925139377317356467e+08
2.925139377317356467e+08
2.925139377317356467e+08
2.925139377317356467e+08
2.925139377317356467e+08
2.925139377317356467e+08
2.925139377317356467e+08
2.925139377317356467e+08
2.925139377317356467e+08
2.925139377317356467e+08
2.925139377317356467e+08
2.925139377317356467e+08
2.925139377317356467e+08
2.925139377317356467e+08
2.925139377317356467e+08
2.925139377317356467e+08
2.925139377317356467e+08
2.925139377317356467e+08
2.925139377317356467e+08
2.925139377317356467e+08
2.925139377317356467e+08
2.925139377317356467e+08
2.925139377317356467e+08
2.925139377317356467e+08
2.925139377317356467e+08
2.925139377317356467e+08
2.925139377317356467e+08
2.925139377317356467e+08
2.925139377317356467e+08
2.925139377317356467e+08
2.925139377317356467e+08
2.925139377317356467e+08
2.925139377317356467e+08
2.925139377317356467e+08
2.925139377317356467e+08
2.925139377317356467e+08
2.925139377317356467e+08
2.925139377317356467e+08
2.925139377317356467e+08
2.925139377317356467e+08
2.925139377317356467e+08
2.925139377317356467e+08
2.925139377317356467e+08
2.925139377317356467e+08
2.925139377317356467e+08
2.925139377317356467e+08
2.925139377317356467e+08
2.925139377317356467e+08
2.925139377317356467e+08
2.925139377317356467e+08
2.925139377317356467e+08
2.925139377317356467e+08
2.925139377317356467e+08
2.925139377317356467e+08
2.925139377317356467e+08
2.925139377317356467e+08
2.925139377317356467e+08
2.925139377317356467e+08
2.925139377317356467e+08
2.925139377317356467e+08
2.925139377317356467e+08
2.925139377317356467e+08
2.925139377317356467e+08
2.925139377317356467e+08
2.925139377317356467e+08
2.925139377317356467e+08
2.925139377317356467e+08
2.925139377317356467e+08
2.925139377317356467e+08
2.925139377317356467e+08
2.925139377317356467e+08
2.925139377317356467e+08
2.925139377317356467e+08
2.925139377317356467e+08
2.925139377317356467e+08
2.925139377317356467e+08
2.925139377317356467e+08
2.925139377317356467e+08
2.925139377317356467e+08
2.925139377317356467e+08
2.925139377317356467e+08
2.925139377317356467e+08
2.925139377317356467e+08
2.925139377317356467e+08
2.925139377317356467e+08
2.925139377317356467e+08
2.925139377317356467e+08
2.925139377317356467e+08
2.925139377317356467e+08
2.925139377317356467e+08
2.925139377317356467e+08
2.925139377317356467e+08
2.925139377317356467e+08
2.925139377317356467e+08
2.925139377317356467e+08
2.925139377317356467e+08
2.925139377317356467e+08
2.925139377317356467e+08
2.925139377317356467e+08
2.925139377317356467e+08
2.925139377317356467e+08
2.925139377317356467e+08
2.925139377317356467e+08
2.925139377317356467e+08
2.925139377317356467e+08
2.925139377317356467e+08
2.925139377317356467e+08
2.925139377317356467e+08
2.925139377317356467e+08
2.925139377317356467e+08
2.925139377317356467e+08
2.925139377317356467e+08
2.925139377317356467e+08
2.925139377317356467e+08
2.925139377317356467e+08
2.925139377317356467e+08
2.940416492213760614e+08
2.955280994924572110e+08
2.955280994924572110e+08
2.955280994924572110e+08
2.955280994924572110e+08
2.955280994924572110e+08
2.955280994924572110e+08
2.955280994924572110e+08
2.955280994924572110e+08
2.955280994924572110e+08
2.955280994924572110e+08
2.955280994924572110e+08
2.955280994924572110e+08
2.955280994924572110e+08
2.955280994924572110e+08
2.955280994924572110e+08
2.955280994924572110e+08
2.955280994924572110e+08
2.955280994924572110e+08
2.955280994924572110e+08
2.955280994924572110e+08
2.955280994924572110e+08
2.955280994924572110e+08
2.955280994924572110e+08
2.955280994924572110e+08
2.955280994924572110e+08
2.955280994924572110e+08
2.955280994924572110e+08
2.955280994924572110e+08
2.955280994924572110e+08
2.955280994924572110e+08
2.955280994924572110e+08
2.955280994924572110e+08
2.955280994924572110e+08
2.955280994924572110e+08
2.955280994924572110e+08
2.955280994924572110e+08
2.955280994924572110e+08
2.955280994924572110e+08
2.955280994924572110e+08
2.955280994924572110e+08
2.955280994924572110e+08
2.955280994924572110e+08
2.955280994924572110e+08
2.955280994924572110e+08
2.955280994924572110e+08
2.955280994924572110e+08
2.955280994924572110e+08
2.955280994924572110e+08
2.955280994924572110e+08
2.955280994924572110e+08
2.955280994924572110e+08
2.955280994924572110e+08
2.955280994924572110e+08
2.955280994924572110e+08
2.955280994924572110e+08
2.955280994924572110e+08
2.955280994924572110e+08
2.955280994924572110e+08
2.955280994924572110e+08
2.955280994924572110e+08
2.955280994924572110e+08
2.955280994924572110e+08
2.955280994924572110e+08
2.955280994924572110e+08
2.955280994924572110e+08
2.955280994924572110e+08
2.955280994924572110e+08
2.955280994924572110e+08
2.955280994924572110e+08
2.955280994924572110e+08
2.955280994924572110e+08
2.955280994924572110e+08
2.955280994924572110e+08
2.955280994924572110e+08
2.955280994924572110e+08
2.955280994924572110e+08
2.955280994924572110e+08
2.955280994924572110e+08
2.955280994924572110e+08
2.955280994924572110e+08
2.955280994924572110e+08
2.955280994924572110e+08
2.955280994924572110e+08
2.955280994924572110e+08
2.955280994924572110e+08
2.955280994924572110e+08
2.955280994924572110e+08
2.955280994924572110e+08
2.955280994924572110e+08
2.955280994924572110e+08
2.955280994924572110e+08
2.955280994924572110e+08
2.955280994924572110e+08
2.955280994924572110e+08
2.955280994924572110e+08
2.955280994924572110e+08
2.955280994924572110e+08
2.955280994924572110e+08
2.955280994924572110e+08
2.955280994924572110e+08
2.955280994924572110e+08
2.955280994924572110e+08
2.955280994924572110e+08
2.955280994924572110e+08
2.955280994924572110e+08
2.955280994924572110e+08
2.955280994924572110e+08
2.955280994924572110e+08
2.955280994924572110e+08
2.955280994924572110e+08
2.955280994924572110e+08
2.955280994924572110e+08
2.955280994924572110e+08
2.955280994924572110e+08
2.955280994924572110e+08
2.955280994924572110e+08
2.955280994924572110e+08
2.955280994924572110e+08
2.955280994924572110e+08
2.955280994924572110e+08
2.955280994924572110e+08
2.955280994924572110e+08
2.955280994924572110e+08
2.955280994924572110e+08
2.955280994924572110e+08
2.955280994924572110e+08
2.955280994924572110e+08
2.955280994924572110e+08
2.955280994924572110e+08
2.955280994924572110e+08
2.955280994924572110e+08
2.955280994924572110e+08
2.955280994924572110e+08
2.955280994924572110e+08
2.955280994924572110e+08
2.955280994924572110e+08
2.955280994924572110e+08
2.955280994924572110e+08
2.955280994924572110e+08
2.955280994924572110e+08
2.955280994924572110e+08
2.955280994924572110e+08
2.955280994924572110e+08
2.955280994924572110e+08
2.955280994924572110e+08
2.955280994924572110e+08
2.955280994924572110e+08
2.955280994924572110e+08
2.955280994924572110e+08
2.955280994924572110e+08
2.955280994924572110e+08
2.955280994924572110e+08
2.955280994924572110e+08
2.955280994924572110e+08
2.955280994924572110e+08
2.955280994924572110e+08
2.955280994924572110e+08
2.955280994924572110e+08
2.955280994924572110e+08
2.955280994924572110e+08
2.955280994924572110e+08
2.955280994924572110e+08
2.955280994924572110e+08
2.955280994924572110e+08
2.955280994924572110e+08
2.955280994924572110e+08
2.955280994924572110e+08
2.955280994924572110e+08
2.955280994924572110e+08
2.955280994924572110e+08
2.955280994924572110e+08
2.955280994924572110e+08
2.955280994924572110e+08
2.955280994924572110e+08
2.955280994924572110e+08
2.955280994924572110e+08
2.955280994924572110e+08
2.955280994924572110e+08
2.955280994924572110e+08
2.955280994924572110e+08
2.955280994924572110e+08
2.955280994924572110e+08
2.955280994924572110e+08
2.955280994924572110e+08
2.955280994924572110e+08
2.955280994924572110e+08
2.955280994924572110e+08
2.955280994924572110e+08
2.955280994924572110e+08
2.955280994924572110e+08
2.955280994924572110e+08
2.955280994924572110e+08
2.955280994924572110e+08
2.955280994924572110e+08
2.955280994924572110e+08
2.955280994924572110e+08
2.955280994924572110e+08
2.955280994924572110e+08
2.955280994924572110e+08
2.955280994924572110e+08
2.955280994924572110e+08
2.955280994924572110e+08
2.955280994924572110e+08
2.955280994924572110e+08
2.955280994924572110e+08
2.955280994924572110e+08
2.955280994924572110e+08
2.955280994924572110e+08
2.955280994924572110e+08
2.955280994924572110e+08
2.955280994924572110e+08
2.955280994924572110e+08
2.955280994924572110e+08
2.955280994924572110e+08
2.955280994924572110e+08
2.955280994924572110e+08
2.955280994924572110e+08
2.955280994924572110e+08
2.955280994924572110e+08
2.955280994924572110e+08
2.955280994924572110e+08
2.955280994924572110e+08
2.955280994924572110e+08
2.955280994924572110e+08
2.955280994924572110e+08
2.955280994924572110e+08
2.955280994924572110e+08
2.955280994924572110e+08
2.955280994924572110e+08
2.955280994924572110e+08
2.955280994924572110e+08
2.955280994924572110e+08
2.955280994924572110e+08
2.955280994924572110e+08
2.955280994924572110e+08
2.955280994924572110e+08
2.955280994924572110e+08
2.955280994924572110e+08
2.955280994924572110e+08
2.955280994924572110e+08
2.955280994924572110e+08
2.955280994924572110e+08
2.955280994924572110e+08
2.955280994924572110e+08
2.955280994924572110e+08
2.955280994924572110e+08
2.955280994924572110e+08
2.955280994924572110e+08
2.955280994924572110e+08
2.955280994924572110e+08
2.955280994924572110e+08
2.955280994924572110e+08
2.955280994924572110e+08
2.955280994924572110e+08
2.955280994924572110e+08
2.955280994924572110e+08
2.955280994924572110e+08
2.955280994924572110e+08
2.955280994924572110e+08
2.955280994924572110e+08
2.955280994924572110e+08
2.955280994924572110e+08
2.955280994924572110e+08
2.955280994924572110e+08
2.955280994924572110e+08
2.955280994924572110e+08
2.955280994924572110e+08
2.955280994924572110e+08
2.955280994924572110e+08
2.955280994924572110e+08
2.955280994924572110e+08
2.955280994924572110e+08
2.955280994924572110e+08
2.955280994924572110e+08
2.955280994924572110e+08
2.955280994924572110e+08
2.955280994924572110e+08
2.955280994924572110e+08
2.955280994924572110e+08
2.955280994924572110e+08
2.955280994924572110e+08
2.955280994924572110e+08
2.955280994924572110e+08
2.955280994924572110e+08
2.955280994924572110e+08
2.955280994924572110e+08
2.955280994924572110e+08
2.955280994924572110e+08
2.955280994924572110e+08
2.955280994924572110e+08
2.955280994924572110e+08
2.955280994924572110e+08
2.955280994924572110e+08
2.955280994924572110e+08
2.955280994924572110e+08
2.955280994924572110e+08
2.955280994924572110e+08
2.955280994924572110e+08
2.955280994924572110e+08
2.955280994924572110e+08
2.955280994924572110e+08
2.955280994924572110e+08
2.955280994924572110e+08
2.955280994924572110e+08
2.955280994924572110e+08
2.955280994924572110e+08
2.955280994924572110e+08
2.955280994924572110e+08
2.955280994924572110e+08
2.955280994924572110e+08
2.955280994924572110e+08
2.955280994924572110e+08
2.955280994924572110e+08
2.955280994924572110e+08
2.955280994924572110e+08
2.955280994924572110e+08
2.955280994924572110e+08
2.955280994924572110e+08
2.955280994924572110e+08
2.955280994924572110e+08
2.955280994924572110e+08
2.955280994924572110e+08
2.955280994924572110e+08
2.955280994924572110e+08
2.955280994924572110e+08
2.955280994924572110e+08
2.955280994924572110e+08
2.955280994924572110e+08
2.955280994924572110e+08
2.955280994924572110e+08
2.955280994924572110e+08
2.955280994924572110e+08
2.955280994924572110e+08
2.955280994924572110e+08
2.955280994924572110e+08
2.955280994924572110e+08
2.955280994924572110e+08
2.955280994924572110e+08
2.955280994924572110e+08
2.955280994924572110e+08
2.955280994924572110e+08
2.955280994924572110e+08
2.955280994924572110e+08
2.955280994924572110e+08
2.955280994924572110e+08
2.955280994924572110e+08
2.955280994924572110e+08
2.955280994924572110e+08
2.955280994924572110e+08
2.955280994924572110e+08
2.955280994924572110e+08
2.955280994924572110e+08
2.955280994924572110e+08
2.955280994924572110e+08
2.955280994924572110e+08
2.955280994924572110e+08
2.955280994924572110e+08
2.955280994924572110e+08
2.955280994924572110e+08
2.955280994924572110e+08
2.955280994924572110e+08
2.955280994924572110e+08
2.955280994924572110e+08
2.955280994924572110e+08
2.958010396661078930e+08
2.958010396661078930e+08
2.958010396661078930e+08
2.958010396661078930e+08
2.958010396661078930e+08
2.958010396661078930e+08
2.958010396661078930e+08
2.958010396661078930e+08
2.958010396661078930e+08
2.958010396661078930e+08
2.971491460122012496e+08
2.971491460122012496e+08
2.971491460122012496e+08
2.971491460122012496e+08
2.985173567279963493e+08
2.985173567279963493e+08
2.985173567279963493e+08
2.985173567279963493e+08
2.985173567279963493e+08
2.985173567279963493e+08
2.985173567279963493e+08
2.985173567279963493e+08
2.985173567279963493e+08
2.985173567279963493e+08
2.985173567279963493e+08
2.999831694062350988e+08
2.999831694062350988e+08
2.999831694062350988e+08
2.999831694062350988e+08
2.999831694062350988e+08
2.999831694062350988e+08
2.999831694062350988e+08
2.999831694062350988e+08
2.999831694062350988e+08
2.999831694062350988e+08
2.999831694062350988e+08
2.999831694062350988e+08
2.999831694062350988e+08
2.999831694062350988e+08
2.999831694062350988e+08
2.999831694062350988e+08
2.999831694062350988e+08
2.999831694062350988e+08
2.999831694062350988e+08
2.999831694062350988e+08
2.999831694062350988e+08
2.999831694062350988e+08
2.999831694062350988e+08
2.999831694062350988e+08
2.999831694062350988e+08
2.999831694062350988e+08
2.999831694062350988e+08
2.999831694062350988e+08
2.999831694062350988e+08
2.999831694062350988e+08
3.016685839501515031e+08
3.016685839501515031e+08
3.016685839501515031e+08
3.016685839501515031e+08
3.016685839501515031e+08
3.016685839501515031e+08
3.016685839501515031e+08
3.016685839501515031e+08
3.016685839501515031e+08
3.016685839501515031e+08
3.016685839501515031e+08
3.016685839501515031e+08
3.016685839501515031e+08
3.016685839501515031e+08
3.016685839501515031e+08
3.016685839501515031e+08
3.016685839501515031e+08
3.016685839501515031e+08
3.016685839501515031e+08
3.016685839501515031e+08
3.016685839501515031e+08
3.016685839501515031e+08
3.016685839501515031e+08
3.016685839501515031e+08
3.016685839501515031e+08
3.016685839501515031e+08
3.016685839501515031e+08
3.016685839501515031e+08
3.016685839501515031e+08
3.016685839501515031e+08
3.016685839501515031e+08
3.016685839501515031e+08
3.016685839501515031e+08
3.016685839501515031e+08
3.016685839501515031e+08
3.016685839501515031e+08
3.016685839501515031e+08
3.016685839501515031e+08
3.016685839501515031e+08
3.016685839501515031e+08
3.016685839501515031e+08
3.016685839501515031e+08
3.016685839501515031e+08
3.016685839501515031e+08
3.016685839501515031e+08
3.016685839501515031e+08
3.016685839501515031e+08
3.016685839501515031e+08
3.016685839501515031e+08
3.016685839501515031e+08
3.016685839501515031e+08
3.016685839501515031e+08
3.016685839501515031e+08
3.016685839501515031e+08
3.016685839501515031e+08
3.016685839501515031e+08
3.016685839501515031e+08
3.016685839501515031e+08
3.016685839501515031e+08
3.016685839501515031e+08
3.016685839501515031e+08
3.016685839501515031e+08
3.016685839501515031e+08
3.016685839501515031e+08
3.016685839501515031e+08
3.016685839501515031e+08
3.016685839501515031e+08
3.016685839501515031e+08
3.016685839501515031e+08
3.016685839501515031e+08
3.016685839501515031e+08
3.016685839501515031e+08
3.016685839501515031e+08
3.016685839501515031e+08
3.016685839501515031e+08
3.016685839501515031e+08
3.016685839501515031e+08
3.016685839501515031e+08
3.016685839501515031e+08
3.016685839501515031e+08
3.016685839501515031e+08
3.016685839501515031e+08
3.016685839501515031e+08
3.016685839501515031e+08
3.016685839501515031e+08
3.033708086577389240e+08
3.051044979755073190e+08
3.051044979755073190e+08
3.051044979755073190e+08
3.051044979755073190e+08
3.051044979755073190e+08
3.051044979755073190e+08
3.051044979755073190e+08
3.051044979755073190e+08
3.051044979755073190e+08
3.051044979755073190e+08
3.051044979755073190e+08
3.051044979755073190e+08
3.051044979755073190e+08
3.051044979755073190e+08
3.051044979755073190e+08
3.051044979755073190e+08
3.051044979755073190e+08
3.051044979755073190e+08
3.051044979755073190e+08
3.051044979755073190e+08
3.051044979755073190e+08
3.051044979755073190e+08
3.051044979755073190e+08
3.051044979755073190e+08
3.051044979755073190e+08
3.051044979755073190e+08
3.051044979755073190e+08
3.051454304931980371e+08
3.069043594595506787e+08
3.069043594595506787e+08
3.069043594595506787e+08
3.084856334801483750e+08
3.084856334801483750e+08
3.084856334801483750e+08
3.084856334801483750e+08
3.084856334801483750e+08
3.084856334801483750e+08
3.084856334801483750e+08
3.084856334801483750e+08
3.084856334801483750e+08
3.084856334801483750e+08
3.084856334801483750e+08
3.084856334801483750e+08
3.084856334801483750e+08
3.084856334801483750e+08
3.084856334801483750e+08
3.102942414875172973e+08
3.102942414875172973e+08
3.102942414875172973e+08
3.102942414875172973e+08
3.102942414875172973e+08
3.102942414875172973e+08
3.102942414875172973e+08
3.102942414875172973e+08
3.102942414875172973e+08
3.102942414875172973e+08
3.102942414875172973e+08
3.102942414875172973e+08
3.102942414875172973e+08
3.102942414875172973e+08
3.102942414875172973e+08
3.102942414875172973e+08
3.102942414875172973e+08
3.102942414875172973e+08
3.102942414875172973e+08
3.102942414875172973e+08
3.102942414875172973e+08
3.102942414875172973e+08
3.102942414875172973e+08
3.102942414875172973e+08
3.102942414875172973e+08
3.102942414875172973e+08
3.102942414875172973e+08
3.102942414875172973e+08
3.102942414875172973e+08
3.102942414875172973e+08
3.102942414875172973e+08
3.102942414875172973e+08
3.102942414875172973e+08
3.102942414875172973e+08
3.102942414875172973e+08
3.102942414875172973e+08
3.102942414875172973e+08
3.106011592054057121e+08
3.121487647661963105e+08
3.121487647661963105e+08
3.121487647661963105e+08
3.121487647661963105e+08
3.121487647661963105e+08
3.121487647661963105e+08
3.121487647661963105e+08
3.121487647661963105e+08
3.121487647661963105e+08
3.121487647661963105e+08
3.121487647661963105e+08
3.121487647661963105e+08
3.121487647661963105e+08
3.121487647661963105e+08
3.121487647661963105e+08
3.121487647661963105e+08
3.121487647661963105e+08
3.121487647661963105e+08
3.121487647661963105e+08
3.121487647661963105e+08
3.121487647661963105e+08
3.121487647661963105e+08
3.121487647661963105e+08
3.122648813292357922e+08
3.157253038908019662e+08
3.157253038908019662e+08
3.173448503901099563e+08
3.173448503901099563e+08
3.173448503901099563e+08
3.173448503901099563e+08
3.173448503901099563e+08
3.173448503901099563e+08
3.173448503901099563e+08
3.173448503901099563e+08
3.173448503901099563e+08
3.173448503901099563e+08
3.173448503901099563e+08
3.173448503901099563e+08
3.173448503901099563e+08
3.173448503901099563e+08
3.173448503901099563e+08
3.173448503901099563e+08
3.173448503901099563e+08
3.173448503901099563e+08
3.173448503901099563e+08
3.173448503901099563e+08
3.173448503901099563e+08
3.173448503901099563e+08
3.173448503901099563e+08
3.173448503901099563e+08
3.173448503901099563e+08
3.173448503901099563e+08
3.173448503901099563e+08
3.173448503901099563e+08
3.173448503901099563e+08
3.173448503901099563e+08
3.173448503901099563e+08
3.173448503901099563e+08
3.173448503901099563e+08
3.173448503901099563e+08
3.173448503901099563e+08
3.173448503901099563e+08
3.173448503901099563e+08
3.173448503901099563e+08
3.173448503901099563e+08
3.173448503901099563e+08
3.173448503901099563e+08
3.173448503901099563e+08
3.173448503901099563e+08
3.173448503901099563e+08
3.173448503901099563e+08
3.173448503901099563e+08
3.173448503901099563e+08
3.173448503901099563e+08
3.173448503901099563e+08
3.173448503901099563e+08
3.173448503901099563e+08
3.173448503901099563e+08
3.173448503901099563e+08
3.188993398376883864e+08
3.188993398376883864e+08
3.188993398376883864e+08
3.188993398376883864e+08
3.208633751840415001e+08
3.208633751840415001e+08
3.208633751840415001e+08
3.208633751840415001e+08
3.208633751840415001e+08
3.228101212496017218e+08
3.228101212496017218e+08
3.228101212496017218e+08
3.228101212496017218e+08
3.228101212496017218e+08
3.229893886417869925e+08
3.247170055852266550e+08
3.247170055852266550e+08
3.247170055852266550e+08
3.247170055852266550e+08
3.247170055852266550e+08
3.247170055852266550e+08
3.247170055852266550e+08
3.247170055852266550e+08
3.247170055852266550e+08
3.247170055852266550e+08
3.247170055852266550e+08
3.247170055852266550e+08
3.247170055852266550e+08
3.247170055852266550e+08
3.247170055852266550e+08
3.247170055852266550e+08
3.247170055852266550e+08
3.247170055852266550e+08
3.247170055852266550e+08
3.247170055852266550e+08
3.247170055852266550e+08
3.247170055852266550e+08
3.247170055852266550e+08
3.247170055852266550e+08
3.247170055852266550e+08
3.247170055852266550e+08
3.247170055852266550e+08
3.247170055852266550e+08
3.247170055852266550e+08
3.247170055852266550e+08
3.247170055852266550e+08
3.247170055852266550e+08
3.247170055852266550e+08
3.247170055852266550e+08
3.247170055852266550e+08
3.247170055852266550e+08
3.247170055852266550e+08
3.247170055852266550e+08
3.247170055852266550e+08
3.247170055852266550e+08
3.267260122417171597e+08
3.267260122417171597e+08
3.267260122417171597e+08
3.267260122417171597e+08
3.267260122417171597e+08
3.267260122417171597e+08
3.267260122417171597e+08
3.267260122417171597e+08
3.267260122417171597e+08
3.267260122417171597e+08
3.267260122417171597e+08
3.267260122417171597e+08
3.267260122417171597e+08
3.267260122417171597e+08
3.275108189886527658e+08
3.279387278390522599e+08
3.322578090493459702e+08
3.322578090493459702e+08
3.322578090493459702e+08
3.322578090493459702e+08
3.322578090493459702e+08
3.322578090493459702e+08
3.322578090493459702e+08
3.322578090493459702e+08
3.322578090493459702e+08
3.322578090493459702e+08
3.322578090493459702e+08
3.322578090493459702e+08
3.322578090493459702e+08
3.322578090493459702e+08
3.322578090493459702e+08
3.322578090493459702e+08
3.322578090493459702e+08
3.322578090493459702e+08
3.322578090493459702e+08
3.322578090493459702e+08
3.322578090493459702e+08
3.322578090493459702e+08
3.322578090493459702e+08
3.322578090493459702e+08
3.322578090493459702e+08
3.343368428878831267e+08
3.343368428878831267e+08
3.343368428878831267e+08
3.343368428878831267e+08
3.343368428878831267e+08
3.343368428878831267e+08
3.343368428878831267e+08
3.343368428878831267e+08
3.343368428878831267e+08
3.343368428878831267e+08
3.343368428878831267e+08
3.343368428878831267e+08
3.343368428878831267e+08
3.343368428878831267e+08
3.343368428878831267e+08
3.343368428878831267e+08
3.343368428878831267e+08
3.343368428878831267e+08
3.343368428878831267e+08
3.343368428878831267e+08
3.343368428878831267e+08
3.343368428878831267e+08
3.343368428878831267e+08
3.343368428878831267e+08
3.343368428878831267e+08
3.343368428878831267e+08
3.343368428878831267e+08
3.343368428878831267e+08
3.343368428878831267e+08
3.343368428878831267e+08
3.343368428878831267e+08
3.343368428878831267e+08
3.343368428878831267e+08
3.344118596955450177e+08
3.387831435821003318e+08
3.387831435821003318e+08
3.387831435821003318e+08
3.387831435821003318e+08
3.387831435821003318e+08
3.387831435821003318e+08
3.387831435821003318e+08
3.387831435821003318e+08
3.387831435821003318e+08
3.387831435821003318e+08
3.387831435821003318e+08
3.387831435821003318e+08
3.387831435821003318e+08
3.387831435821003318e+08
3.387831435821003318e+08
3.387831435821003318e+08
3.387831435821003318e+08
3.387831435821003318e+08
3.387831435821003318e+08
3.387831435821003318e+08
3.387831435821003318e+08
3.387831435821003318e+08
3.387831435821003318e+08
3.387831435821003318e+08
3.387831435821003318e+08
3.387831435821003318e+08
3.387831435821003318e+08
3.387831435821003318e+08
3.387831435821003318e+08
3.387831435821003318e+08
3.387831435821003318e+08
3.387831435821003318e+08
3.387831435821003318e+08
3.387831435821003318e+08
3.387831435821003318e+08
3.387831435821003318e+08
3.387831435821003318e+08
3.387831435821003318e+08
3.387831435821003318e+08
3.387831435821003318e+08
3.387831435821003318e+08
3.387831435821003318e+08
3.387831435821003318e+08
3.387831435821003318e+08
3.387831435821003318e+08
3.387831435821003318e+08
3.387831435821003318e+08
3.387831435821003318e+08
3.405519179083319306e+08
3.405519179083319306e+08
3.405519179083319306e+08
3.405519179083319306e+08
3.405519179083319306e+08
3.405519179083319306e+08
3.405519179083319306e+08
3.405519179083319306e+08
3.405519179083319306e+08
3.405519179083319306e+08
3.405519179083319306e+08
3.405519179083319306e+08
3.405519179083319306e+08
3.405519179083319306e+08
3.405519179083319306e+08
3.405519179083319306e+08
3.405519179083319306e+08
3.405519179083319306e+08
3.405519179083319306e+08
3.405519179083319306e+08
3.405519179083319306e+08
3.405519179083319306e+08
3.405519179083319306e+08
3.405519179083319306e+08
3.405519179083319306e+08
3.405519179083319306e+08
3.405519179083319306e+08
3.424839977396906614e+08
3.424839977396906614e+08
3.424839977396906614e+08
3.424839977396906614e+08
3.442548711085108519e+08
3.442548711085108519e+08
3.442548711085108519e+08
3.442548711085108519e+08
3.462474732415806055e+08
3.462474732415806055e+08
3.462474732415806055e+08
3.471568404843550920e+08
3.518079112740785480e+08
3.518079112740785480e+08
